$SPEC_ID:
PRAK02 Easy-MCA-2k SN
$SPEC_REM:
DET# 1
DETDESC# PRAK01 Easy-MCA-2k SN 15071856
AP# Maestro Version 7.01
$DATE_MEA:
01/17/2002 18:08:44
$MEAS_TIM:
300 301
$DATA:
0 511
       0
       0
       0
       0
       0
       0
       0
       1
       3
      32
     112
     241
     312
     556
     681
     724
     653
     558
     501
     766
     682
     598
     586
     577
     580
     525
     555
     526
     534
     545
     575
     591
     552
     614
     663
     666
     663
     646
     644
     676
     713
     681
     658
     650
     729
     719
     704
     740
     785
     801
     813
     829
     792
     814
     808
     834
     774
     734
     809
     764
     697
     719
     649
     669
     643
     679
     671
     660
     636
     669
     627
     655
     604
     565
     658
     648
     667
     613
     594
     575
     567
     647
     587
     587
     609
     591
     604
     556
     584
     638
     613
     601
     602
     579
     624
     627
     606
     644
     658
     606
     601
     617
     654
     684
     624
     647
     641
     639
     545
     569
     591
     562
     531
     467
     415
     385
     379
     349
     341
     286
     286
     290
     275
     253
     252
     250
     191
     237
     230
     243
     224
     230
     244
     207
     263
     268
     254
     246
     267
     243
     267
     261
     333
     334
     367
     419
     557
     653
     863
    1126
    1433
    1869
    2219
    2683
    3134
    3565
    3883
    4039
    4049
    4045
    3816
    3567
    3083
    2631
    2145
    1640
    1248
     925
     606
     435
     277
     145
      89
      64
      35
      14
      12
      11
       6
       8
       7
       6
       5
       6
       5
       2
       9
       5
       8
       3
       7
       6
       5
       3
       6
       4
       6
       3
       6
       9
       6
       2
       3
       5
       2
       8
       3
       7
      12
       7
       3
       3
       6
       6
       5
       6
       7
       5
       3
       5
       4
       6
       0
       2
       5
       2
       4
       7
       4
       4
       3
       4
       4
       1
       3
       3
       3
       2
       7
       4
       3
       2
       1
       0
       3
       5
       3
       6
       2
       0
       3
       3
       2
       4
       2
       4
       2
       3
       4
       3
       4
       0
       4
       3
       4
       1
       5
       2
       3
       1
       9
       3
       2
       2
       2
       3
       3
       7
       2
       3
       1
       1
       1
       2
       4
       5
       3
       4
       4
       1
       2
       1
       0
       1
       5
       2
       1
       1
       3
       0
       3
       3
       1
       0
       2
       6
       2
       2
       1
       1
       2
       0
       1
       0
       3
       2
       0
       1
       1
       3
       0
       5
       3
       6
       3
       3
       1
       7
       0
       4
       6
       2
       1
       5
       3
       4
       4
       2
       5
       2
       2
       3
       3
       5
       2
       1
       1
       0
       2
       1
       1
       0
       0
       0
       0
       1
       0
       2
       1
       1
       1
       0
       1
       0
       3
       0
       1
       0
       1
       0
       1
       2
       0
       0
       0
       0
       1
       1
       0
       0
       1
       0
       0
       0
       0
       2
       1
       2
       0
       0
       2
       1
       1
       1
       1
       1
       0
       1
       0
       2
       0
       2
       1
       1
       1
       0
       1
       1
       0
       1
       1
       2
       0
       1
       2
       0
       0
       0
       0
       2
       1
       0
       1
       0
       0
       0
       0
       0
       2
       0
       0
       1
       0
       1
       1
       0
       0
       0
       1
       1
       0
       1
       1
       1
       0
       0
       0
       1
       1
       0
       0
       2
       0
       0
       1
       0
       0
       0
       0
       1
       2
       0
       1
       0
       2
       1
       0
       1
       2
       0
       0
       0
       0
       0
       1
       2
       0
       1
       3
       0
       1
       0
       0
       1
       0
       2
       0
       0
       0
       0
       0
       0
       0
       0
       0
       0
       0
       0
       0
       0
       0
       0
       0
       0
       0
       0
       0
       0
       0
       0
       0
       0
$ROI:
1
102 148
$PRESETS:
Live Time
300
0
$ENER_FIT:
0.000000 5.426229
$MCA_CAL:
3
0.000000E+000 5.426229E+000 0.000000E+000 keV
$SHAPE_CAL:
3
0.000000E+000 0.000000E+000 0.000000E+000
