$SPEC_ID:
PRAK02 Easy-MCA-2k SN
$SPEC_REM:
DET# 1
DETDESC# PRAK01 Easy-MCA-2k SN 15071856
AP# Maestro Version 7.01
$DATE_MEA:
01/17/2002 18:38:38
$MEAS_TIM:
300 301
$DATA:
0 511
       0
       1
       0
       0
       0
       1
       0
       0
       8
      44
     117
     227
     416
     534
     640
     758
     769
     674
     665
     836
     826
     663
     657
     556
     588
     563
     539
     531
     559
     552
     597
     585
     545
     622
     625
     640
     659
     665
     680
     731
     666
     678
     717
     689
     700
     690
     722
     788
     800
     828
     827
     845
     858
     746
     832
     792
     725
     785
     708
     752
     695
     718
     744
     714
     734
     665
     660
     650
     647
     642
     651
     614
     649
     624
     699
     588
     599
     552
     617
     608
     614
     600
     627
     622
     601
     645
     587
     625
     588
     603
     595
     568
     649
     595
     640
     641
     644
     646
     627
     671
     644
     620
     657
     620
     627
     626
     633
     619
     598
     614
     578
     537
     504
     451
     472
     422
     377
     339
     358
     306
     288
     264
     273
     291
     234
     238
     243
     232
     255
     197
     230
     221
     209
     268
     215
     242
     229
     262
     260
     269
     290
     287
     317
     332
     396
     475
     571
     795
    1013
    1202
    1570
    2077
    2573
    2848
    3358
    3760
    4046
    4129
    4102
    3949
    3773
    3342
    2769
    2380
    1847
    1394
    1007
     709
     482
     309
     180
     130
      70
      40
      23
      16
       8
       5
       8
       7
       5
       5
       4
       5
       7
       4
       7
       8
       8
       4
       7
       8
       6
       4
       7
      10
      13
       3
       6
       8
       7
       1
       6
       4
       3
       8
       7
       6
       4
       5
       5
       7
       5
       2
       7
       5
       9
       6
       2
       5
       0
       6
       4
       3
       6
       8
       2
       1
       4
       2
       2
       7
       4
       1
       2
       3
       2
      12
       3
       5
       4
       2
       0
       3
       4
       6
       3
       3
       0
       3
       4
       4
       6
       2
       0
       2
       6
       5
       9
       3
       2
       2
       4
       3
       3
       1
       1
       3
       4
       2
       3
       2
       2
       1
       5
       1
       4
       3
       1
       6
       3
       2
       2
       4
       2
       3
       1
       3
       1
       1
       3
       0
       1
       2
       4
       0
       2
       0
       2
       1
       4
       2
       0
       3
       0
       1
       0
       2
       2
       2
       1
       1
       2
       1
       4
       1
       0
       2
       2
       1
       5
       2
       1
       2
       4
       3
       3
       2
       6
       5
       4
       3
       8
       4
       1
       3
       2
       5
       3
       1
       3
       1
       3
       5
       1
       1
       2
       0
       3
       1
       2
       0
       0
       1
       0
       2
       1
       1
       0
       1
       0
       1
       0
       3
       0
       1
       0
       0
       2
       0
       3
       0
       1
       1
       1
       0
       0
       2
       0
       0
       0
       1
       0
       0
       1
       0
       0
       0
       2
       0
       0
       0
       0
       0
       0
       1
       0
       0
       3
       0
       1
       1
       0
       2
       0
       1
       2
       1
       1
       0
       0
       0
       1
       0
       0
       0
       0
       1
       1
       1
       0
       0
       1
       1
       1
       0
       0
       0
       0
       0
       0
       1
       0
       0
       1
       0
       0
       0
       0
       0
       0
       0
       0
       0
       1
       1
       1
       0
       0
       0
       0
       3
       0
       0
       1
       0
       1
       0
       0
       1
       0
       0
       1
       1
       0
       0
       3
       1
       0
       0
       0
       0
       1
       0
       0
       1
       0
       0
       1
       0
       1
       1
       0
       0
       0
       1
       0
       0
       0
       0
       0
       0
       0
       0
       0
       0
       0
       0
       0
       0
       0
       0
       0
       0
       0
       0
       0
       0
       0
       0
       0
       0
$ROI:
1
102 148
$PRESETS:
Live Time
300
0
$ENER_FIT:
0.000000 5.426229
$MCA_CAL:
3
0.000000E+000 5.426229E+000 0.000000E+000 keV
$SHAPE_CAL:
3
0.000000E+000 0.000000E+000 0.000000E+000
