$SPEC_ID:
PRAK02 Easy-MCA-2k SN
$SPEC_REM:
DET# 1
DETDESC# PRAK01 Easy-MCA-2k SN 15071856
AP# Maestro Version 7.01
$DATE_MEA:
01/17/2002 17:51:35
$MEAS_TIM:
300 301
$DATA:
0 511
       0
       0
       1
       0
       1
       0
       1
       0
       6
      33
     123
     268
     440
     644
     796
     738
     622
     464
     371
     635
     604
     559
     539
     550
     556
     524
     571
     566
     560
     560
     569
     602
     574
     600
     604
     659
     651
     612
     647
     700
     704
     682
     692
     667
     668
     741
     709
     826
     774
     884
     833
     798
     759
     808
     805
     795
     723
     721
     733
     728
     754
     725
     711
     728
     725
     660
     660
     635
     684
     655
     620
     678
     628
     616
     661
     595
     617
     609
     609
     639
     590
     614
     655
     608
     640
     658
     577
     598
     602
     639
     573
     656
     616
     619
     617
     668
     631
     605
     632
     656
     682
     644
     636
     638
     668
     582
     643
     593
     614
     584
     544
     493
     529
     464
     439
     390
     351
     336
     303
     290
     271
     283
     264
     256
     239
     226
     262
     209
     212
     222
     227
     263
     245
     243
     217
     214
     255
     243
     286
     292
     274
     308
     306
     366
     445
     526
     679
     857
    1113
    1360
    1834
    2123
    2597
    3129
    3558
    3877
    4014
    4200
    4181
    3905
    3655
    3213
    2709
    2200
    1687
    1323
     897
     639
     432
     265
     166
     100
      70
      29
      29
      15
       9
       7
       9
       7
       6
       6
       5
       6
       5
       1
       2
       5
       6
       1
       2
       9
       9
       5
       5
       9
       6
       2
       6
       8
       6
      10
       3
       3
       3
       3
       6
       7
       6
       2
      12
       8
       4
       6
       1
       7
       8
       6
       3
       2
       4
       5
       4
       4
       6
       6
       5
       4
       6
       6
       3
       6
       6
       4
       1
       4
       2
       6
       5
       3
       3
       4
       2
       3
       3
       1
       2
       6
       1
       1
       5
       1
       3
       3
       3
       2
       6
       4
       5
       9
       7
       6
       5
       4
       1
       2
       4
       2
       2
       2
       3
       2
       4
       1
       3
       1
       1
       0
       1
       2
       2
       1
       1
       2
       2
       3
       1
       3
       4
       2
       1
       2
       2
       1
       1
       2
       2
       1
       2
       1
       0
       3
       2
       2
       2
       3
       1
       1
       0
       5
       1
       3
       2
       0
       0
       3
       2
       1
       2
       3
       3
       3
       4
       2
       1
       4
       3
       6
       3
       4
       1
       5
       4
       3
       5
       3
       5
       1
       4
       1
       4
       1
       2
       1
       0
       4
       2
       1
       0
       1
       0
       0
       1
       1
       2
       1
       0
       2
       1
       0
       3
       1
       1
       0
       1
       0
       1
       1
       1
       0
       3
       0
       2
       2
       0
       0
       0
       0
       0
       0
       0
       1
       1
       0
       0
       0
       2
       0
       0
       1
       1
       1
       2
       2
       0
       0
       0
       1
       0
       1
       0
       1
       1
       0
       1
       0
       2
       0
       3
       0
       0
       0
       1
       2
       0
       0
       0
       2
       0
       2
       1
       1
       0
       0
       0
       2
       0
       0
       1
       0
       0
       0
       0
       0
       0
       1
       1
       0
       0
       0
       1
       1
       0
       1
       1
       1
       1
       2
       1
       0
       1
       1
       0
       2
       0
       0
       1
       0
       1
       0
       0
       0
       0
       0
       2
       1
       0
       0
       1
       0
       2
       0
       0
       0
       0
       1
       0
       1
       0
       0
       1
       2
       0
       1
       0
       0
       0
       0
       0
       0
       0
       0
       0
       0
       0
       0
       0
       0
       0
       0
       0
       0
       0
       0
       0
       0
       0
       0
       0
       0
       0
       0
$ROI:
1
102 148
$PRESETS:
Live Time
300
0
$ENER_FIT:
0.000000 5.426229
$MCA_CAL:
3
0.000000E+000 5.426229E+000 0.000000E+000 keV
$SHAPE_CAL:
3
0.000000E+000 0.000000E+000 0.000000E+000
