$SPEC_ID:
PRAK02 Easy-MCA-2k SN
$SPEC_REM:
DET# 1
DETDESC# PRAK01 Easy-MCA-2k SN 15071856
AP# Maestro Version 7.01
$DATE_MEA:
01/17/2002 18:26:18
$MEAS_TIM:
300 301
$DATA:
0 511
       0
       0
       0
       0
       0
       0
       0
       2
       6
      45
     177
     351
     533
     677
     852
     862
     802
     740
     675
     882
     815
     720
     612
     568
     568
     565
     507
     524
     560
     516
     559
     563
     564
     564
     617
     608
     626
     667
     644
     670
     662
     639
     700
     693
     697
     685
     722
     710
     795
     746
     761
     821
     787
     796
     781
     787
     735
     802
     709
     727
     728
     714
     725
     685
     674
     681
     659
     653
     682
     670
     627
     635
     686
     584
     642
     636
     610
     610
     619
     610
     589
     624
     601
     600
     606
     605
     604
     598
     629
     569
     620
     647
     613
     604
     572
     605
     605
     665
     613
     591
     631
     605
     665
     636
     650
     633
     617
     627
     603
     544
     530
     505
     513
     454
     399
     425
     345
     333
     286
     317
     296
     286
     256
     269
     210
     250
     227
     222
     225
     205
     235
     246
     187
     215
     228
     242
     208
     267
     241
     252
     264
     273
     310
     356
     449
     496
     657
     837
    1042
    1376
    1665
    2119
    2564
    2959
    3483
    3764
    4031
    4228
    4150
    3833
    3559
    3044
    2687
    2128
    1677
    1295
     955
     623
     415
     254
     182
      98
      49
      46
      19
      16
      16
       6
       5
      10
       5
       3
      10
       6
       7
      10
       3
       5
       4
       7
       2
       4
       3
       1
       2
       5
       3
       3
       6
       5
       5
       5
       8
       1
       6
       4
       2
       5
       7
       3
       4
       4
       9
       5
       6
       5
       2
      11
       3
       3
       3
       4
       3
       3
       5
       6
       5
       6
       5
       6
       2
       4
       5
       0
       4
       2
       3
       5
       3
       7
       7
       2
       4
       2
       2
       0
       2
       4
       2
       5
       5
       3
       3
       1
       5
       2
       1
       6
       3
       3
       5
       3
       1
       0
       8
       0
       2
       5
       2
       6
       3
       6
       4
       2
       5
       5
       2
       3
       3
       3
       3
       3
       2
       2
       0
       3
       1
       3
       1
       4
       3
       0
       1
       3
       2
       3
       1
       1
       1
       2
       2
       2
       0
       1
       1
       3
       2
       4
       3
       3
       2
       2
       2
       3
       4
       3
       1
       1
       2
       4
       6
       2
       2
       3
       4
       5
       5
       4
       5
       4
       5
       1
       4
       6
       4
       5
       2
       3
       3
       3
       3
       0
       0
       4
       1
       1
       1
       1
       0
       2
       1
       1
       3
       0
       0
       0
       0
       1
       1
       1
       0
       0
       1
       1
       0
       0
       0
       1
       0
       0
       1
       0
       2
       0
       1
       1
       0
       0
       0
       0
       1
       0
       1
       0
       1
       1
       2
       0
       0
       2
       0
       0
       0
       0
       0
       1
       2
       2
       0
       1
       0
       0
       0
       1
       0
       1
       1
       1
       1
       0
       0
       0
       0
       0
       1
       0
       0
       0
       0
       1
       0
       0
       0
       0
       0
       0
       0
       0
       0
       0
       0
       0
       1
       1
       1
       2
       2
       1
       0
       0
       0
       0
       0
       0
       0
       0
       0
       0
       0
       0
       1
       0
       0
       0
       0
       0
       1
       0
       0
       1
       0
       0
       0
       1
       0
       1
       0
       2
       0
       1
       2
       0
       1
       1
       0
       0
       0
       0
       0
       0
       0
       1
       2
       0
       0
       0
       0
       0
       0
       0
       0
       0
       0
       0
       0
       0
       0
       0
       0
       0
       0
       0
       0
       0
       0
       0
       0
       0
       0
       0
       0
       0
$ROI:
1
102 148
$PRESETS:
Live Time
300
0
$ENER_FIT:
0.000000 5.426229
$MCA_CAL:
3
0.000000E+000 5.426229E+000 0.000000E+000 keV
$SHAPE_CAL:
3
0.000000E+000 0.000000E+000 0.000000E+000
