$SPEC_ID:
PRAK02 Easy-MCA-2k SN
$SPEC_REM:
DET# 1
DETDESC# PRAK01 Easy-MCA-2k SN 15071856
AP# Maestro Version 7.01
$DATE_MEA:
01/17/2002 18:20:55
$MEAS_TIM:
300 301
$DATA:
0 511
       0
       0
       0
       0
       0
       1
       1
       0
       6
      35
      90
     161
     304
     429
     544
     590
     578
     529
     468
     766
     701
     614
     603
     580
     526
     563
     527
     466
     504
     519
     582
     621
     587
     611
     651
     635
     632
     663
     672
     649
     670
     667
     645
     679
     702
     741
     732
     777
     708
     788
     768
     782
     817
     819
     828
     776
     771
     699
     772
     701
     714
     705
     728
     721
     650
     708
     663
     663
     676
     668
     633
     656
     650
     602
     664
     624
     620
     598
     622
     627
     631
     631
     625
     616
     629
     644
     555
     599
     624
     580
     622
     609
     621
     642
     569
     596
     622
     611
     587
     608
     638
     625
     612
     666
     631
     632
     628
     611
     540
     576
     567
     497
     483
     499
     427
     398
     371
     377
     337
     314
     305
     307
     282
     256
     249
     222
     242
     259
     216
     208
     235
     234
     235
     189
     241
     228
     251
     252
     252
     246
     251
     280
     296
     342
     400
     456
     545
     763
     982
    1251
    1550
    1986
    2419
    2805
    3288
    3595
    3913
    4049
    4087
    3924
    3611
    3372
    2842
    2337
    1906
    1437
    1066
     688
     490
     348
     209
     129
      81
      51
      24
      21
      14
       6
       7
       6
      10
       7
       4
       4
       8
       6
       7
       7
       4
       3
       3
       5
       2
       4
       5
       5
       6
       4
       5
       7
       4
       3
       1
      11
       3
       8
       7
       6
       3
       7
       8
       7
      12
       5
       7
       3
       1
       8
       4
       6
       1
       8
       6
       6
       6
       7
       2
       2
       4
       3
       3
       4
       3
       5
       5
       5
       3
       4
       4
       4
       3
       2
       4
       4
       3
       2
       2
       2
       8
       4
       1
       5
       3
       3
       3
       4
       3
       4
       4
       1
       1
       4
       3
       3
       7
       2
       2
       3
       4
       3
       3
       0
       1
       3
       0
       2
       0
       2
       2
       4
       1
       3
       6
       5
       3
       2
       3
       1
       1
       3
       2
       3
       2
       1
       1
       1
       2
       3
       1
       1
       1
       1
       1
       1
       1
       1
       1
       0
       1
       1
       2
       4
       1
       1
       2
       2
       0
       1
       3
       3
       1
       1
       0
       1
       4
       4
       8
       6
       4
       5
       7
       3
       6
       5
       3
       0
       3
       3
       1
       3
       3
       4
       3
       1
       0
       2
       3
       1
       2
       0
       1
       0
       2
       1
       2
       2
       1
       2
       0
       2
       1
       0
       2
       0
       1
       0
       2
       2
       1
       2
       0
       0
       1
       2
       0
       1
       0
       0
       0
       0
       0
       1
       1
       2
       0
       0
       1
       1
       1
       1
       0
       0
       1
       0
       0
       2
       0
       0
       0
       2
       1
       1
       1
       0
       1
       0
       0
       1
       0
       1
       1
       1
       0
       2
       0
       0
       1
       0
       0
       0
       0
       1
       0
       1
       1
       0
       0
       0
       0
       1
       0
       0
       0
       1
       0
       1
       1
       2
       0
       0
       0
       0
       0
       0
       0
       0
       1
       0
       1
       0
       0
       0
       1
       0
       0
       0
       0
       0
       0
       0
       0
       0
       0
       0
       1
       0
       2
       1
       0
       1
       0
       1
       0
       0
       0
       0
       1
       2
       0
       0
       2
       0
       0
       1
       0
       0
       0
       0
       0
       0
       0
       0
       0
       0
       0
       0
       0
       0
       0
       0
       0
       0
       0
       0
       0
       0
       0
       0
       0
       0
       0
       0
$ROI:
1
102 148
$PRESETS:
Live Time
300
0
$ENER_FIT:
0.000000 5.426229
$MCA_CAL:
3
0.000000E+000 5.426229E+000 0.000000E+000 keV
$SHAPE_CAL:
3
0.000000E+000 0.000000E+000 0.000000E+000
