$SPEC_ID:
PRAK02 Easy-MCA-2k SN
$SPEC_REM:
DET# 1
DETDESC# PRAK01 Easy-MCA-2k SN 15071856
AP# Maestro Version 7.01
$DATE_MEA:
01/17/2002 19:01:54
$MEAS_TIM:
300 302
$DATA:
0 511
       0
       0
       1
       0
       0
       0
       0
       2
       7
      53
     108
     216
     306
     471
     566
     581
     643
     568
     528
     730
     721
     676
     625
     575
     569
     554
     544
     506
     542
     546
     533
     556
     596
     567
     601
     600
     646
     628
     655
     678
     705
     697
     696
     672
     699
     683
     686
     742
     749
     789
     793
     803
     833
     825
     807
     818
     758
     786
     735
     741
     668
     712
     680
     694
     694
     686
     658
     647
     668
     618
     582
     630
     607
     632
     606
     626
     650
     634
     581
     600
     592
     590
     594
     594
     620
     607
     597
     642
     569
     600
     580
     574
     592
     610
     579
     580
     649
     606
     617
     623
     594
     632
     614
     644
     653
     627
     601
     568
     581
     548
     557
     526
     495
     445
     442
     410
     391
     340
     322
     338
     316
     280
     281
     250
     230
     224
     234
     250
     215
     242
     239
     222
     217
     236
     226
     263
     234
     263
     216
     251
     274
     256
     287
     298
     351
     386
     567
     672
     833
    1141
    1389
    1721
    2124
    2552
    3085
    3322
    3751
    4022
    3999
    3940
    3732
    3443
    3139
    2638
    2094
    1732
    1259
     937
     683
     397
     266
     191
     113
      60
      26
      25
      13
      13
       9
       6
       7
       8
       3
      11
       9
       4
       6
       8
       5
       3
       6
       4
       4
      12
       8
       5
       3
       5
       2
      10
       7
       6
      10
       8
       4
       5
       9
       8
       3
       3
       3
       7
       8
       8
       4
       2
       2
       4
       2
       4
       2
       8
       5
       6
       7
       2
       3
       9
       6
       4
       2
       3
       5
       7
       7
       5
       8
       0
       0
       2
       3
       5
       6
       6
       2
       9
       2
       4
       3
       5
       6
       4
       2
       3
       1
       2
       2
       5
       3
       3
       5
       4
       5
       2
       4
       3
       0
       0
       3
       6
       0
       5
       3
       5
       4
       3
       2
       3
       5
       2
       3
       6
       4
       1
       2
       3
       5
       5
       2
       2
       2
       2
       2
       2
       2
       1
       2
       5
       0
       2
       2
       2
       0
       1
       2
       2
       2
       1
       1
       2
       0
       7
       2
       2
       4
       2
       4
       2
       0
       2
       5
       5
       0
       6
       4
       1
       5
       2
       4
       3
       4
       9
       7
       2
       4
       4
       3
       3
       2
       5
       3
       4
       1
       3
       1
       1
       1
       2
       0
       3
       0
       2
       0
       2
       0
       2
       1
       0
       1
       0
       0
       0
       0
       0
       2
       1
       0
       2
       1
       0
       2
       1
       1
       1
       2
       0
       0
       0
       0
       1
       1
       0
       1
       1
       0
       1
       1
       0
       0
       0
       0
       1
       1
       0
       2
       1
       2
       2
       0
       2
       2
       1
       0
       3
       0
       1
       1
       0
       1
       1
       0
       0
       0
       0
       0
       1
       1
       1
       1
       1
       1
       0
       3
       1
       0
       0
       0
       0
       0
       1
       0
       0
       1
       0
       0
       1
       1
       0
       1
       0
       1
       1
       0
       1
       0
       1
       1
       1
       0
       0
       2
       0
       1
       1
       2
       1
       0
       1
       0
       1
       0
       1
       0
       0
       0
       1
       0
       1
       0
       0
       0
       0
       0
       0
       0
       0
       0
       0
       3
       2
       1
       2
       0
       2
       2
       0
       0
       0
       0
       0
       0
       0
       0
       0
       0
       0
       0
       0
       0
       0
       0
       0
       0
       0
       0
       0
       0
       0
       0
       0
       0
       0
$ROI:
1
102 148
$PRESETS:
Live Time
300
0
$ENER_FIT:
0.000000 5.426229
$MCA_CAL:
3
0.000000E+000 5.426229E+000 0.000000E+000 keV
$SHAPE_CAL:
3
0.000000E+000 0.000000E+000 0.000000E+000
