$SPEC_ID:
PRAK02 Easy-MCA-2k SN
$SPEC_REM:
DET# 1
DETDESC# PRAK01 Easy-MCA-2k SN 15071856
AP# Maestro Version 7.01
$DATE_MEA:
01/17/2002 18:56:13
$MEAS_TIM:
300 302
$DATA:
0 511
       0
       0
       0
       2
       1
       0
       0
       0
       3
      36
      91
     174
     302
     441
     545
     638
     607
     641
     607
     831
     794
     731
     645
     592
     555
     558
     522
     551
     524
     504
     539
     595
     584
     599
     609
     634
     613
     608
     620
     634
     671
     690
     680
     697
     717
     709
     712
     721
     711
     813
     802
     823
     790
     793
     797
     767
     773
     726
     755
     776
     711
     709
     758
     685
     662
     660
     680
     666
     653
     658
     657
     633
     623
     575
     611
     600
     621
     607
     592
     601
     608
     584
     630
     601
     601
     610
     580
     650
     627
     621
     613
     565
     633
     637
     637
     581
     637
     586
     643
     673
     567
     637
     626
     624
     637
     615
     596
     591
     618
     550
     546
     572
     518
     494
     394
     430
     373
     352
     330
     292
     293
     270
     263
     244
     227
     243
     225
     249
     257
     212
     188
     219
     230
     227
     242
     231
     239
     230
     273
     238
     269
     251
     314
     327
     390
     408
     541
     756
     957
    1235
    1593
    1839
    2410
    2831
    3239
    3513
    3905
    4108
    4244
    4023
    3716
    3383
    2942
    2355
    2010
    1477
    1117
     769
     525
     362
     260
     145
      88
      43
      21
      10
      11
       7
      11
       5
       5
       9
       6
       3
       3
       9
       8
       6
       7
       4
       7
       6
       4
       6
       4
       3
       5
       6
       2
       6
       3
       7
       7
       6
       5
       2
       8
       5
       8
       4
       3
       4
       3
       6
       3
       6
       8
       3
       4
       3
       2
       6
       5
       6
       7
       2
       8
       9
       2
       2
       2
       2
       1
       1
       3
       3
       3
       3
       3
       4
       3
       4
       6
       4
       4
       5
       5
       2
       2
       2
       7
       5
       3
       4
       4
       4
       2
       2
       3
       4
       7
       3
       3
       4
       3
       3
       1
       4
       2
       1
       3
       0
       4
       3
       2
       1
       2
       5
       3
       2
       1
       5
       2
       6
       3
       2
       1
       1
       2
       1
       4
       4
       1
       1
       0
       0
       1
       0
       2
       3
       3
       3
       3
       2
       2
       2
       1
       0
       0
       2
       1
       1
       2
       0
       1
       2
       1
       1
       1
       3
       4
       3
       6
       3
       6
       1
       2
       4
       2
       2
       4
       4
       4
       1
       0
       2
      10
       4
       4
       0
       3
       4
       2
       1
       1
       1
       2
       0
       3
       1
       2
       0
       2
       5
       1
       1
       0
       0
       0
       1
       0
       1
       1
       1
       0
       2
       1
       1
       2
       0
       0
       0
       1
       0
       1
       0
       0
       2
       1
       0
       1
       1
       0
       0
       0
       1
       0
       1
       0
       0
       0
       0
       1
       0
       1
       0
       3
       0
       0
       1
       0
       2
       1
       1
       0
       1
       1
       0
       0
       0
       1
       1
       0
       1
       1
       0
       3
       1
       0
       0
       0
       0
       1
       0
       0
       0
       0
       0
       0
       0
       0
       1
       1
       1
       0
       0
       1
       2
       2
       0
       1
       0
       1
       0
       0
       0
       0
       0
       0
       2
       0
       1
       2
       0
       0
       0
       0
       1
       0
       0
       0
       0
       0
       0
       0
       0
       0
       0
       0
       2
       0
       0
       1
       0
       0
       0
       0
       0
       1
       0
       1
       1
       0
       0
       1
       0
       0
       0
       0
       0
       0
       0
       0
       0
       0
       0
       0
       0
       0
       0
       0
       0
       0
       0
       0
       0
       0
       0
       0
       0
       0
       0
$ROI:
1
102 148
$PRESETS:
Live Time
300
0
$ENER_FIT:
0.000000 5.426229
$MCA_CAL:
3
0.000000E+000 5.426229E+000 0.000000E+000 keV
$SHAPE_CAL:
3
0.000000E+000 0.000000E+000 0.000000E+000
