$SPEC_ID:
PRAK02 Easy-MCA-2k SN
$SPEC_REM:
DET# 1
DETDESC# PRAK01 Easy-MCA-2k SN 15071856
AP# Maestro Version 7.01
$DATE_MEA:
01/17/2002 18:43:59
$MEAS_TIM:
300 301
$DATA:
0 511
       0
       0
       0
       0
       0
       0
       1
       3
       6
      33
     143
     218
     365
     517
     719
     812
     740
     713
     627
     923
     748
     703
     663
     581
     604
     514
     534
     531
     566
     525
     535
     582
     632
     600
     610
     642
     707
     656
     614
     655
     706
     693
     711
     706
     744
     687
     744
     758
     759
     811
     853
     808
     851
     776
     772
     796
     783
     723
     761
     771
     761
     669
     717
     673
     673
     710
     691
     702
     676
     664
     670
     675
     649
     640
     625
     657
     611
     643
     613
     604
     593
     669
     590
     599
     606
     612
     621
     618
     598
     619
     631
     628
     622
     589
     619
     613
     602
     625
     623
     625
     664
     628
     660
     673
     640
     642
     601
     613
     606
     587
     547
     523
     497
     480
     409
     421
     347
     346
     331
     278
     279
     304
     265
     245
     230
     241
     249
     222
     233
     243
     226
     231
     238
     210
     224
     245
     231
     252
     226
     264
     259
     295
     278
     337
     429
     489
     603
     781
    1041
    1309
    1686
    2019
    2542
    2958
    3307
    3770
    4048
    4178
    4162
    4011
    3681
    3335
    2808
    2342
    1811
    1414
    1034
     737
     534
     339
     206
     122
      54
      33
      33
      23
      15
       9
       2
       8
       7
       4
       8
       5
       4
       8
       4
       3
       7
       5
       4
       9
       4
       7
       6
       6
       5
       5
       5
       5
       3
       4
       5
       4
       9
       7
       4
       3
       8
       3
      10
      10
       5
       4
       5
       8
       7
       2
       5
       3
       7
       4
       4
       6
       5
       7
       2
       5
       5
       4
       2
       3
       6
       3
       4
       4
       3
       5
       2
       7
       2
       2
       2
       4
       3
       9
       5
       2
       3
       5
       2
       4
       3
       7
       3
       3
       2
       0
       2
       2
       2
       3
       4
       2
       2
       5
       2
       2
       3
       2
       2
       4
       4
       1
       2
       1
       0
       4
       1
       1
       2
       0
       5
       5
       2
       2
       3
       3
       4
       2
       2
       1
       0
       2
       3
       1
       1
       5
       2
       2
       3
       1
       1
       0
       0
       2
       2
       1
       4
       1
       2
       1
       2
       6
       0
       4
       2
       5
       3
       2
       3
       4
       5
       4
       6
       3
       3
       2
       4
       3
       6
       1
       3
       3
       3
       3
       4
       5
       1
       1
       4
       2
       2
       2
       1
       0
       1
       0
       2
       6
       1
       1
       0
       0
       0
       0
       1
       1
       3
       2
       0
       1
       0
       0
       1
       0
       0
       0
       0
       0
       1
       0
       0
       2
       2
       0
       1
       0
       0
       0
       0
       0
       0
       0
       1
       0
       0
       1
       0
       0
       0
       1
       0
       1
       1
       2
       1
       0
       0
       0
       0
       2
       0
       2
       0
       1
       0
       0
       1
       1
       0
       0
       1
       0
       2
       1
       0
       1
       1
       1
       0
       0
       0
       0
       0
       1
       2
       1
       1
       0
       0
       1
       1
       1
       0
       0
       0
       1
       0
       0
       0
       0
       0
       0
       1
       0
       0
       0
       0
       0
       0
       0
       1
       1
       0
       0
       0
       0
       0
       0
       1
       1
       0
       0
       0
       0
       0
       0
       1
       1
       0
       0
       0
       0
       1
       0
       0
       0
       0
       0
       0
       0
       0
       1
       1
       0
       0
       0
       0
       0
       0
       0
       0
       0
       0
       0
       0
       0
       0
       0
       0
       0
       0
       0
       0
       0
       0
       0
       0
       0
       0
       0
$ROI:
1
102 148
$PRESETS:
Live Time
300
0
$ENER_FIT:
0.000000 5.426229
$MCA_CAL:
3
0.000000E+000 5.426229E+000 0.000000E+000 keV
$SHAPE_CAL:
3
0.000000E+000 0.000000E+000 0.000000E+000
