$SPEC_ID:
PRAK02 Easy-MCA-2k SN
$SPEC_REM:
DET# 1
DETDESC# PRAK01 Easy-MCA-2k SN 15071856
AP# Maestro Version 7.01
$DATE_MEA:
01/17/2002 18:33:15
$MEAS_TIM:
300 301
$DATA:
0 511
       0
       0
       0
       0
       0
       0
       1
       0
       5
      34
     128
     247
     343
     497
     616
     626
     581
     608
     531
     808
     752
     651
     602
     571
     547
     523
     523
     552
     526
     510
     556
     573
     579
     591
     557
     648
     610
     640
     652
     664
     664
     614
     656
     700
     676
     709
     742
     738
     781
     780
     785
     861
     803
     756
     722
     796
     746
     741
     713
     763
     685
     714
     675
     643
     648
     698
     611
     623
     663
     653
     605
     587
     660
     594
     629
     616
     573
     585
     610
     613
     607
     600
     584
     548
     571
     588
     581
     596
     571
     610
     584
     577
     577
     621
     610
     634
     546
     594
     586
     596
     576
     608
     638
     585
     628
     643
     599
     625
     585
     579
     541
     494
     468
     446
     408
     375
     347
     317
     309
     297
     271
     266
     249
     248
     220
     212
     230
     238
     238
     230
     211
     240
     236
     213
     216
     238
     256
     236
     252
     241
     251
     305
     325
     338
     411
     467
     659
     774
    1055
    1307
    1725
    2086
    2542
    3065
    3293
    3621
    3974
    4069
    3975
    3758
    3451
    3110
    2561
    2083
    1685
    1192
     894
     638
     403
     245
     152
      93
      49
      34
      30
      17
       7
       4
       4
       5
       6
       7
       8
       3
       5
       4
       3
       4
       4
       5
       8
       7
       5
       7
       4
       3
       5
       7
       5
       2
       3
       4
       6
       4
       4
       5
      11
       9
       5
       3
       5
       4
       7
       4
      10
       6
       5
       5
       6
       4
       3
       1
       4
       5
       6
       2
       4
       6
       4
       4
       4
       5
       7
       4
       1
       5
       3
       5
       5
       4
       4
       6
       2
       4
       5
       1
       4
       3
       7
       4
       5
       1
       5
       5
       5
       2
       3
       3
       5
       2
       4
       2
       0
       7
       1
       3
       2
       6
       3
       2
       4
       1
       1
       2
       2
       2
       3
       2
       4
       3
       3
       2
       6
       6
      11
       5
       2
       1
       4
       2
       4
       1
       2
       1
       1
       2
       2
       3
       2
       3
       1
       3
       1
       1
       1
       1
       0
       0
       0
       2
       1
       2
       4
       3
       4
       0
       3
       1
       3
       0
       5
       3
       1
       2
       4
       7
       2
       6
       2
       4
       3
       1
       2
       6
       3
       6
       4
       2
       3
       4
       8
       0
       3
       1
       2
       0
       2
       3
       1
       1
       1
       0
       0
       0
       0
       1
       0
       0
       0
       2
       1
       0
       0
       0
       0
       0
       0
       0
       1
       1
       3
       0
       1
       0
       0
       0
       0
       1
       0
       0
       0
       1
       1
       1
       0
       0
       0
       1
       0
       0
       5
       1
       1
       1
       0
       1
       0
       1
       0
       2
       1
       0
       1
       0
       1
       0
       0
       1
       1
       0
       1
       1
       1
       0
       0
       0
       1
       0
       0
       1
       0
       1
       0
       2
       0
       0
       0
       0
       1
       0
       0
       0
       0
       0
       0
       1
       0
       0
       2
       1
       0
       0
       1
       0
       1
       1
       0
       0
       0
       1
       0
       1
       0
       0
       0
       0
       0
       0
       1
       0
       0
       0
       0
       1
       0
       0
       0
       0
       0
       1
       0
       1
       1
       0
       0
       0
       1
       0
       0
       0
       0
       0
       1
       0
       1
       0
       0
       0
       0
       0
       0
       0
       0
       0
       0
       0
       0
       0
       0
       0
       0
       0
       0
       0
       0
       0
       0
       0
       0
       0
       0
       0
$ROI:
1
102 148
$PRESETS:
Live Time
300
0
$ENER_FIT:
0.000000 5.426229
$MCA_CAL:
3
0.000000E+000 5.426229E+000 0.000000E+000 keV
$SHAPE_CAL:
3
0.000000E+000 0.000000E+000 0.000000E+000
