$SPEC_ID:
PRAK02 Easy-MCA-2k SN
$SPEC_REM:
DET# 1
DETDESC# PRAK01 Easy-MCA-2k SN 15071856
AP# Maestro Version 7.01
$DATE_MEA:
01/17/2002 18:02:55
$MEAS_TIM:
300 301
$DATA:
0 511
       0
       1
       0
       0
       0
       0
       0
       0
       2
      20
     105
     182
     348
     436
     549
     564
     517
     464
     382
     677
     608
     552
     575
     496
     546
     524
     505
     547
     549
     571
     550
     567
     591
     647
     622
     649
     644
     646
     645
     712
     681
     676
     635
     672
     705
     710
     721
     774
     754
     734
     825
     804
     823
     818
     808
     823
     774
     785
     692
     733
     731
     752
     662
     700
     715
     691
     637
     678
     639
     627
     665
     634
     656
     703
     616
     662
     588
     633
     617
     624
     570
     639
     651
     583
     627
     580
     614
     626
     643
     623
     609
     583
     619
     582
     604
     634
     592
     600
     594
     587
     640
     638
     658
     606
     654
     634
     599
     602
     660
     620
     608
     558
     507
     471
     415
     422
     350
     365
     325
     325
     322
     270
     249
     259
     248
     237
     222
     260
     189
     228
     242
     276
     255
     224
     228
     212
     243
     237
     281
     269
     256
     267
     293
     370
     405
     417
     521
     701
     874
    1088
    1413
    1819
    2205
    2673
    3195
    3422
    3789
    4102
    4221
    4051
    3940
    3511
    3060
    2594
    2180
    1648
    1267
     976
     642
     417
     310
     176
     110
      54
      32
      19
      14
      10
       6
       8
       6
       8
       6
       4
       4
       7
       2
       9
       6
       8
       5
       5
       4
       7
       7
       6
       2
       3
       4
       7
       7
       4
       8
       3
       5
       6
       4
       3
       5
       4
       4
       3
       1
       4
       3
       5
       5
       9
       4
       2
       6
      13
       4
       5
       7
       5
       5
       7
       3
       4
       6
       5
       3
       3
       3
       4
       1
       4
       1
       3
       3
       2
       3
       1
       3
       3
       4
       4
       3
       2
       4
       4
       3
       1
       7
       4
       4
       1
       2
       4
       5
       6
       3
       3
       2
      10
       3
       7
       4
       1
       0
       0
       3
       2
       2
       2
       2
       2
       1
       5
       1
       1
       1
       5
       1
       1
       1
       2
       3
       3
       2
       2
       1
       2
       1
       2
       2
       3
       1
       5
       2
       2
       3
       0
       1
       2
       1
       2
       2
       5
       3
       1
       4
       0
       2
       1
       0
       2
       3
       6
       4
       3
       4
       2
       1
       0
       5
       3
       4
       5
       3
       2
       5
       4
       5
       4
       6
       3
       2
       2
       4
       1
       2
       2
       3
       4
       1
       2
       0
       1
       0
       2
       2
       1
       0
       0
       1
       1
       0
       1
       0
       1
       2
       0
       1
       3
       0
       0
       1
       1
       1
       0
       1
       0
       2
       0
       0
       0
       0
       0
       0
       0
       2
       0
       0
       0
       0
       0
       0
       2
       1
       0
       0
       1
       0
       1
       1
       1
       2
       0
       0
       1
       0
       0
       1
       0
       0
       1
       2
       1
       1
       0
       2
       1
       1
       0
       0
       0
       1
       1
       0
       1
       0
       1
       0
       1
       0
       1
       0
       0
       0
       0
       0
       0
       2
       1
       1
       0
       0
       0
       1
       0
       1
       0
       0
       0
       0
       1
       1
       1
       0
       0
       0
       1
       0
       0
       0
       0
       1
       0
       2
       0
       0
       0
       0
       1
       0
       0
       1
       0
       0
       0
       0
       2
       1
       0
       0
       0
       1
       0
       0
       2
       0
       0
       1
       0
       0
       0
       0
       0
       0
       0
       0
       0
       0
       0
       0
       0
       0
       0
       0
       0
       0
       0
       0
       0
       0
       0
       0
       0
       0
       0
$ROI:
1
102 148
$PRESETS:
Live Time
300
0
$ENER_FIT:
0.000000 5.426229
$MCA_CAL:
3
0.000000E+000 5.426229E+000 0.000000E+000 keV
$SHAPE_CAL:
3
0.000000E+000 0.000000E+000 0.000000E+000
