$SPEC_ID:
PRAK02 Easy-MCA-2k SN
$SPEC_REM:
DET# 1
DETDESC# PRAK01 Easy-MCA-2k SN 15071856
AP# Maestro Version 7.01
$DATE_MEA:
01/17/2002 18:15:28
$MEAS_TIM:
300 301
$DATA:
0 511
       0
       1
       1
       0
       0
       0
       0
       0
       0
      23
     101
     181
     350
     461
     520
     576
     547
     559
     628
     871
     777
     668
     626
     573
     578
     530
     489
     494
     546
     546
     564
     557
     564
     637
     672
     617
     587
     618
     639
     651
     626
     678
     686
     672
     671
     713
     729
     745
     765
     781
     788
     802
     765
     772
     777
     768
     796
     764
     731
     749
     736
     731
     697
     687
     684
     703
     625
     690
     692
     653
     653
     592
     604
     629
     612
     618
     607
     604
     572
     616
     578
     566
     617
     619
     587
     608
     584
     661
     606
     597
     655
     633
     639
     618
     628
     616
     577
     580
     659
     583
     645
     636
     638
     602
     667
     680
     632
     563
     619
     559
     581
     500
     480
     435
     430
     372
     342
     373
     313
     287
     286
     305
     260
     252
     265
     227
     256
     244
     274
     238
     201
     240
     229
     222
     230
     252
     231
     259
     250
     257
     238
     264
     278
     316
     373
     464
     536
     690
     885
    1149
    1457
    1801
    2273
    2596
    3196
    3564
    3829
    4140
    4091
    4075
    3841
    3443
    2991
    2513
    2018
    1614
    1118
     852
     569
     387
     236
     166
      87
      55
      29
      26
      12
       9
       6
       6
      14
       6
       9
       7
       3
       7
       5
       5
       0
       9
       6
       5
       6
       4
       2
       3
       7
       7
       5
       8
       9
       5
       6
       3
       1
       1
       4
       6
       2
       8
       8
       3
       3
      11
       6
       7
       4
       4
       4
       8
       4
       6
       4
       3
       7
       5
       7
      10
       4
       3
       4
       0
       4
       5
       2
       3
       2
       1
       3
       2
       7
       6
       5
       4
       2
       4
       1
       5
       4
       4
       3
       0
       5
       2
       3
       5
       4
       3
       4
       1
       5
       5
       3
       1
       2
       6
       3
       1
       2
       2
       1
       1
       3
       2
       5
       1
       2
       3
       0
       1
       1
       2
       4
       1
       5
       3
       3
       5
       0
       0
       3
       0
       1
       2
       5
       1
       1
       0
       0
       2
       3
       0
       2
       1
       0
       1
       0
       1
       1
       0
       1
       5
       1
       2
       1
       6
       0
       5
       1
       2
       3
       1
       2
       2
       3
       1
       0
       6
       6
       2
       2
       5
       2
       3
       3
       2
       0
       7
       2
       9
       4
       1
       4
       2
       1
       2
       3
       2
       0
       0
       0
       0
       0
       0
       1
       1
       1
       2
       0
       1
       1
       2
       0
       0
       2
       1
       1
       1
       0
       4
       1
       1
       3
       0
       1
       0
       1
       1
       1
       0
       2
       0
       2
       1
       1
       0
       0
       0
       2
       0
       3
       2
       0
       0
       1
       0
       0
       1
       1
       0
       0
       0
       2
       0
       1
       0
       1
       0
       1
       0
       2
       0
       0
       0
       1
       1
       1
       1
       0
       1
       1
       0
       2
       3
       0
       0
       1
       0
       0
       0
       0
       0
       0
       0
       0
       0
       0
       1
       0
       0
       0
       0
       0
       0
       0
       0
       0
       0
       0
       0
       1
       1
       0
       0
       1
       1
       0
       1
       2
       0
       0
       0
       3
       0
       1
       2
       0
       1
       0
       1
       0
       0
       1
       1
       0
       3
       0
       0
       0
       0
       0
       0
       0
       0
       1
       0
       0
       0
       0
       0
       0
       0
       0
       0
       0
       0
       0
       0
       0
       0
       0
       0
       0
       0
       0
       0
       0
       0
       0
       0
       0
       0
$ROI:
1
102 148
$PRESETS:
Live Time
300
0
$ENER_FIT:
0.000000 5.426229
$MCA_CAL:
3
0.000000E+000 5.426229E+000 0.000000E+000 keV
$SHAPE_CAL:
3
0.000000E+000 0.000000E+000 0.000000E+000
