$SPEC_ID:
PRAK02 Easy-MCA-2k SN
$SPEC_REM:
DET# 1
DETDESC# PRAK01 Easy-MCA-2k SN 15071856
AP# Maestro Version 7.01
$DATE_MEA:
01/17/2002 18:50:53
$MEAS_TIM:
300 301
$DATA:
0 511
       0
       0
       0
       0
       1
       0
       0
       0
       5
      27
      91
     207
     283
     483
     638
     687
     685
     708
     624
     928
     769
     737
     615
     556
     525
     518
     513
     502
     568
     559
     570
     571
     586
     564
     643
     638
     604
     661
     641
     639
     667
     698
     694
     679
     690
     708
     723
     738
     774
     818
     810
     796
     807
     713
     802
     785
     748
     785
     743
     737
     730
     679
     663
     674
     706
     668
     672
     647
     681
     681
     643
     658
     636
     631
     628
     630
     669
     591
     616
     603
     582
     585
     592
     616
     622
     649
     642
     644
     579
     631
     622
     605
     625
     643
     581
     566
     574
     650
     587
     592
     614
     685
     610
     617
     586
     618
     575
     597
     567
     581
     536
     475
     476
     470
     415
     402
     362
     324
     320
     301
     258
     263
     282
     245
     240
     237
     232
     261
     244
     237
     207
     236
     223
     262
     240
     220
     211
     248
     248
     266
     267
     277
     297
     330
     429
     436
     547
     717
     947
    1222
    1553
    1900
    2348
    2735
    3193
    3603
    3902
    4044
    4003
    3994
    3734
    3365
    2909
    2439
    2023
    1500
    1100
     870
     556
     355
     225
     138
      98
      46
      35
      21
      11
      10
       7
      11
       9
       4
       9
       7
       4
      12
       8
       5
       8
       5
       7
       6
       1
       5
       8
       5
       2
       4
       7
      10
       7
       8
       4
       2
       6
       3
       7
       7
       3
       3
       7
       8
       2
       4
       3
       4
       1
       3
       2
       3
       6
       2
       4
       7
       4
       4
       5
       2
       4
       6
       6
       3
       3
       2
       4
       4
       2
       3
       3
       5
       4
       1
       4
       2
       0
       2
       2
       4
       2
       0
       5
       6
       3
       3
       7
       4
       1
       5
       2
       2
       3
       4
       4
       1
       4
       3
       4
       1
       2
       6
       2
       1
       5
       5
       3
       1
       2
       3
       4
       2
       1
       2
       3
       4
       1
       4
       4
       2
       2
       3
       3
       2
       2
       4
       3
       3
       1
       1
       1
       2
       2
       2
       2
       4
       0
       5
       4
       3
       0
       3
       3
       3
       0
       1
       3
       1
       1
       3
       5
       2
       0
       6
       3
       1
       0
       2
       4
       1
       4
       7
       5
       3
       1
       3
       6
       4
       7
       2
       4
       5
       1
       0
       2
       3
       2
       0
       0
       4
       2
       0
       1
       1
       0
       2
       0
       1
       0
       1
       0
       1
       0
       1
       1
       2
       2
       0
       1
       0
       0
       1
       0
       0
       1
       0
       1
       0
       1
       0
       0
       0
       0
       0
       0
       0
       1
       1
       0
       1
       0
       0
       1
       3
       0
       0
       2
       0
       1
       1
       0
       4
       0
       0
       1
       1
       0
       0
       1
       0
       1
       0
       2
       2
       0
       0
       1
       2
       0
       1
       2
       0
       0
       0
       0
       2
       0
       1
       0
       0
       1
       1
       0
       0
       0
       0
       1
       1
       1
       0
       0
       1
       0
       1
       0
       0
       0
       1
       1
       1
       0
       0
       0
       0
       0
       0
       0
       1
       1
       0
       1
       0
       0
       1
       0
       0
       0
       0
       0
       0
       0
       0
       0
       0
       0
       0
       1
       0
       1
       0
       1
       2
       0
       0
       0
       1
       1
       0
       0
       0
       0
       0
       0
       0
       0
       0
       0
       0
       0
       0
       0
       0
       0
       0
       0
       0
       0
       0
       0
       0
       0
       0
       0
       0
$ROI:
1
102 148
$PRESETS:
Live Time
300
0
$ENER_FIT:
0.000000 5.426229
$MCA_CAL:
3
0.000000E+000 5.426229E+000 0.000000E+000 keV
$SHAPE_CAL:
3
0.000000E+000 0.000000E+000 0.000000E+000
