$SPEC_ID:
PRAK02 Easy-MCA-2k SN
$SPEC_REM:
DET# 1
DETDESC# PRAK01 Easy-MCA-2k SN 15071856
AP# Maestro Version 7.01
$DATE_MEA:
01/17/2002 21:26:41
$MEAS_TIM:
300 301
$DATA:
0 511
       0
       0
       0
       0
       0
       0
       0
       0
       0
       0
       0
       0
       0
       0
       0
       0
       0
       0
       9
      41
      48
      77
      52
      74
      70
      97
      85
      82
      92
      87
      83
      98
     104
     101
     109
      97
     124
     101
     114
     122
     124
     120
     111
     125
      93
     134
     126
     110
     134
     111
     121
     122
     106
     113
     100
     105
     118
     117
      92
     118
      99
      87
     102
      94
      86
      95
      90
      94
      65
      98
      75
      97
      88
      81
      71
      85
      71
      60
      73
      70
      77
      70
      76
      63
      67
      75
      57
      75
      61
      72
      67
      59
      69
      74
      65
      57
      61
      52
      57
      54
      55
      78
      58
      54
      58
      57
      60
      53
      49
      63
      50
      47
      46
      47
      42
      35
      43
      30
      30
      37
      36
      38
      34
      32
      28
      25
      24
      26
      35
      13
      23
      35
      20
      28
      21
      25
      25
      25
      31
      25
      24
      37
      44
      29
      35
      45
      53
      71
      85
     102
     129
     157
     192
     263
     271
     301
     280
     301
     333
     335
     309
     242
     220
     210
     158
     120
     100
      56
      57
      36
      16
      15
      15
       7
      12
       5
       6
       6
       3
       6
       5
       6
       5
       5
       2
       1
       5
       3
       6
       4
       7
       2
       5
       1
       8
       5
       3
       1
       3
       5
       4
       9
       3
       4
       4
       5
       3
       4
       6
       7
       2
       4
       3
       5
       6
       7
       2
       4
       6
       1
       1
       2
       5
       7
       3
       4
       3
       4
       8
       6
       3
       5
       3
       6
       3
       3
       5
       3
       7
       1
       2
       3
       2
       4
       6
       2
       4
       1
       4
       2
       3
       3
       3
       2
       3
       3
       3
       1
       5
       4
       2
       2
       2
       4
       3
       5
       6
       4
       2
       4
       7
       6
       1
       3
       1
       3
       5
       1
       2
       2
       1
       1
       0
       5
       1
       3
       2
       2
       2
       0
       5
       2
       4
       1
       1
       0
       0
       0
       1
       1
       2
       0
       3
       1
       2
       1
       2
       2
       1
       0
       1
       0
       1
       0
       1
       0
       1
       3
       3
       1
       2
       3
       3
       2
       4
       6
       3
       6
       2
       3
       5
       4
       5
       2
       5
       2
       0
       5
       7
       5
       4
       5
       2
       1
       0
       2
       1
       1
       3
       1
       0
       0
       1
       0
       0
       0
       0
       2
       0
       0
       0
       0
       0
       0
       0
       2
       0
       0
       2
       1
       0
       0
       0
       1
       1
       0
       1
       1
       1
       0
       2
       1
       0
       0
       1
       2
       1
       1
       0
       0
       0
       0
       0
       1
       1
       2
       0
       1
       1
       1
       1
       1
       0
       0
       0
       0
       0
       1
       0
       0
       0
       0
       2
       0
       0
       2
       0
       1
       0
       0
       0
       3
       2
       0
       1
       1
       2
       0
       1
       0
       0
       0
       0
       1
       0
       1
       0
       0
       0
       0
       1
       1
       0
       0
       1
       0
       1
       0
       0
       1
       0
       0
       0
       0
       0
       2
       0
       0
       0
       0
       0
       2
       2
       0
       0
       0
       0
       0
       0
       1
       0
       2
       2
       1
       1
       0
       0
       1
       1
       0
       0
       0
       0
       0
       0
       0
       0
       0
       0
       0
       0
       0
       0
       0
       0
       0
       0
       0
       0
       0
       0
       0
       0
       0
       0
       0
       0
       0
       0
       0
       0
       0
$ROI:
1
102 148
$PRESETS:
Live Time
300
0
$ENER_FIT:
0.000000 5.426229
$MCA_CAL:
3
0.000000E+000 5.426229E+000 0.000000E+000 keV
$SHAPE_CAL:
3
0.000000E+000 0.000000E+000 0.000000E+000
