$SPEC_ID:
PRAK02 Easy-MCA-2k SN
$SPEC_REM:
DET# 1
DETDESC# PRAK01 Easy-MCA-2k SN 15071856
AP# Maestro Version 7.01
$DATE_MEA:
01/17/2002 21:02:07
$MEAS_TIM:
300 301
$DATA:
0 511
       0
       0
       0
       0
       0
       0
       0
       0
       3
       5
      14
      25
      42
      54
      77
     106
     113
      77
      72
      77
      64
      75
      70
      68
      49
      50
      57
      48
      61
      49
      72
      67
      79
      75
      84
      86
      78
      84
      86
      96
     100
      83
     100
      99
      76
     109
     108
      85
     103
      82
      79
      79
      73
      86
      93
      86
      86
      78
      80
      77
      72
      76
      60
      84
      62
      62
      55
      53
      57
      55
      55
      66
      64
      51
      51
      61
      63
      41
      51
      47
      50
      38
      62
      39
      40
      42
      43
      48
      32
      42
      36
      46
      45
      44
      36
      43
      40
      32
      27
      44
      39
      31
      29
      35
      33
      44
      39
      33
      34
      22
      41
      20
      25
      26
      26
      35
      32
      20
      18
      27
      28
      16
      20
      14
      19
      23
      19
      18
      22
      17
       7
      14
      24
      19
      27
      17
      16
      19
      19
      14
      13
      25
      13
      16
      20
      29
      20
      32
      41
      60
      63
      61
      89
     122
     135
     147
     154
     163
     146
     171
     148
     126
     110
      95
      88
      44
      47
      38
      24
      22
      11
      12
      13
       4
       9
       6
       5
       3
       8
       4
       8
      12
       3
       6
       5
       6
       1
       6
       4
       8
       6
       5
       6
       4
       4
       7
       6
       5
       8
       4
       6
       9
       6
       6
       4
       2
       4
       3
       4
       6
       6
       4
       4
       3
       2
       0
       7
       6
       3
       4
       7
       4
       6
       1
       1
       5
       4
       4
       4
       1
       0
       3
       2
       2
       5
       3
       3
       3
       4
       2
       0
       2
       5
       5
       2
       2
       3
       2
       4
       4
       4
       0
       6
       5
       3
       3
       2
       3
       1
       2
       5
       4
       5
       2
       3
       0
       2
       4
       4
       2
       0
       1
       1
       2
       4
       1
       4
       1
       1
       2
       1
       3
       3
       5
       2
       1
       3
       0
       4
       2
       0
       1
       0
       3
       3
       2
       0
       2
       3
       5
       1
       2
       1
       2
       1
       2
       1
       1
       1
       1
       2
       2
       0
       4
       1
       3
       3
       5
       1
       4
       3
       2
       1
       1
       5
       1
       4
       3
       6
       1
       1
       2
       4
       4
       1
       5
       4
       5
       6
       4
       3
       4
       3
       2
       1
       4
       0
       2
       1
       0
       2
       2
       0
       3
       2
       0
       2
       0
       0
       0
       1
       0
       0
       1
       1
       0
       1
       0
       0
       0
       0
       0
       0
       1
       0
       1
       0
       0
       0
       0
       1
       1
       2
       0
       0
       0
       1
       0
       0
       3
       1
       1
       1
       2
       0
       0
       0
       0
       1
       0
       2
       1
       0
       0
       1
       0
       1
       0
       2
       0
       0
       1
       2
       2
       0
       0
       0
       0
       1
       1
       0
       0
       0
       0
       0
       0
       2
       0
       1
       1
       1
       0
       1
       1
       0
       0
       1
       0
       1
       1
       2
       1
       0
       0
       0
       0
       0
       0
       0
       0
       0
       0
       1
       0
       0
       0
       0
       0
       0
       1
       1
       1
       0
       0
       1
       0
       0
       0
       0
       0
       0
       0
       1
       0
       0
       0
       0
       1
       0
       2
       0
       0
       2
       1
       0
       0
       0
       0
       0
       0
       0
       0
       0
       0
       0
       0
       0
       0
       0
       0
       0
       0
       0
       0
       0
       0
       0
       0
       0
       0
       0
       0
$ROI:
1
102 148
$PRESETS:
Live Time
300
0
$ENER_FIT:
0.000000 5.426229
$MCA_CAL:
3
0.000000E+000 5.426229E+000 0.000000E+000 keV
$SHAPE_CAL:
3
0.000000E+000 0.000000E+000 0.000000E+000
