$SPEC_ID:
PRAK02 Easy-MCA-2k SN
$SPEC_REM:
DET# 1
DETDESC# PRAK01 Easy-MCA-2k SN 15071856
AP# Maestro Version 7.01
$DATE_MEA:
01/17/2002 21:19:59
$MEAS_TIM:
300 301
$DATA:
0 511
       0
       0
       0
       0
       0
       0
       0
       0
       0
       0
       0
       0
       0
       0
       0
       0
       0
       0
       4
      31
      32
      42
      41
      39
      47
      35
      45
      53
      67
      64
      69
      66
      96
      71
      78
      83
      98
      90
      91
     104
     118
      87
      80
      95
     110
      90
      99
     104
     112
      83
      84
     100
      73
      88
      99
      73
      98
      88
      76
      74
      74
      69
      83
      93
      91
      75
      61
      60
      81
      51
      60
      51
      42
      51
      53
      60
      65
      39
      45
      36
      52
      50
      41
      51
      51
      44
      46
      49
      54
      43
      43
      35
      42
      37
      46
      38
      49
      40
      38
      35
      38
      45
      32
      33
      32
      44
      38
      27
      41
      26
      30
      30
      39
      27
      27
      24
      23
      24
      25
      15
      21
      19
      23
      19
      28
      29
      20
      11
      19
      14
      19
      21
      20
      23
      15
      13
      17
      22
      23
      21
      29
      21
      34
      26
      30
      26
      29
      37
      40
      48
      73
      67
      96
     123
     107
     143
     151
     175
     152
     139
     167
     107
     105
      95
      79
      51
      41
      33
      26
      12
      16
       9
       8
      13
       8
       8
       8
       1
       8
       9
       2
       4
       4
       3
       4
       3
       3
       4
       0
       5
       1
       3
       3
       4
       7
       7
       1
       4
       3
       4
       4
       2
       4
       5
       7
       6
       3
       9
       5
       3
       2
       6
       7
       5
       8
       5
       3
       4
       4
       6
       5
       2
       3
       7
       1
       5
       3
       2
       6
       0
       8
       3
       3
       2
       5
       6
       2
       4
       4
       6
       5
       3
       3
       2
       5
       3
       2
       3
       6
       0
       6
       5
       4
       0
       3
       2
       2
       4
       4
       2
       2
       1
       1
       3
       2
       5
       2
       1
       1
       1
       2
       4
       3
       3
       2
       4
       2
       1
       5
       4
       2
       3
       3
       1
       4
       0
       2
       1
       2
       1
       1
       1
       1
       5
       2
       2
       2
       0
       1
       0
       0
       2
       0
       3
       2
       1
       4
       1
       1
       0
       3
       1
       1
       0
       2
       2
       3
       1
       2
       4
       2
       2
       2
       3
       8
       2
       2
       3
       1
       2
       5
       3
       6
       5
       3
       2
       5
       5
       3
       4
       1
       2
       1
       0
       3
       1
       1
       0
       5
       3
       1
       1
       1
       0
       1
       0
       0
       0
       0
       2
       0
       2
       0
       2
       0
       0
       1
       1
       0
       0
       1
       0
       0
       0
       0
       1
       0
       0
       1
       1
       1
       1
       0
       0
       0
       2
       1
       1
       2
       1
       1
       2
       0
       3
       0
       0
       1
       1
       0
       0
       0
       1
       1
       0
       1
       1
       1
       1
       0
       1
       1
       2
       0
       0
       0
       0
       1
       0
       1
       1
       0
       0
       0
       0
       0
       0
       1
       1
       2
       1
       0
       0
       2
       0
       1
       0
       0
       1
       1
       0
       2
       0
       1
       1
       1
       0
       0
       0
       0
       0
       0
       0
       0
       1
       0
       0
       0
       1
       1
       2
       0
       0
       1
       0
       0
       0
       0
       0
       0
       0
       1
       0
       0
       0
       0
       0
       1
       1
       0
       0
       1
       1
       1
       1
       0
       0
       0
       0
       0
       0
       0
       0
       0
       0
       0
       0
       0
       0
       0
       0
       0
       0
       0
       0
       0
       0
       0
       0
       0
       0
       0
       0
$ROI:
1
102 148
$PRESETS:
Live Time
300
0
$ENER_FIT:
0.000000 5.426229
$MCA_CAL:
3
0.000000E+000 5.426229E+000 0.000000E+000 keV
$SHAPE_CAL:
3
0.000000E+000 0.000000E+000 0.000000E+000
