$SPEC_ID:
PRAK02 Easy-MCA-2k SN
$SPEC_REM:
DET# 1
DETDESC# PRAK01 Easy-MCA-2k SN 15071856
AP# Maestro Version 7.01
$DATE_MEA:
01/17/2002 21:32:51
$MEAS_TIM:
600 603
$DATA:
0 511
       0
       0
       0
       0
       0
       0
       0
       0
       0
       0
       0
       0
       0
       0
       0
       1
      23
     129
     301
     465
     471
     330
     268
     237
     190
     175
     178
     143
     131
     138
     129
     129
     125
     154
     153
     135
     160
     161
     172
     164
     166
     154
     153
     190
     149
     160
     176
     167
     171
     135
     170
     144
     144
     155
     143
     155
     157
     152
     147
     133
     102
     113
     113
     133
     136
     115
      92
     106
     117
      99
      95
     102
      84
      96
      81
      89
      73
      79
      72
      86
      99
      66
      87
      74
      70
      78
      80
      57
      63
      66
      57
      69
      61
      51
      58
      52
      59
      72
      41
      54
      56
      54
      58
      53
      50
      40
      50
      45
      53
      42
      46
      47
      39
      49
      37
      40
      45
      53
      25
      32
      32
      34
      37
      32
      39
      30
      28
      42
      32
      22
      27
      23
      35
      30
      26
      18
      33
      37
      23
      25
      34
      31
      27
      26
      36
      34
      40
      33
      60
      57
      75
      74
      80
     116
     129
     119
     111
     133
     162
     128
     116
     123
     102
     102
      78
      58
      53
      36
      36
      14
      17
      15
      11
       9
      14
      15
      12
      11
      12
      15
       8
      11
       8
      12
       7
      11
      11
      10
      13
       5
      20
      11
      10
       7
      11
       9
       9
       3
       6
       9
       9
      17
      13
      11
      12
       8
      11
      11
      10
       7
       7
       9
      10
       8
      16
       8
      16
       2
       6
       8
      13
       7
      10
       6
       8
      12
       5
       4
       7
       6
      12
       4
       4
       7
       7
       6
       6
       3
       6
       7
       7
      10
       5
      10
       6
       7
       8
       6
       6
       3
       7
      11
       4
       9
       3
      11
       5
       6
       7
       8
       6
       4
       6
       6
       5
       7
       7
       5
       7
       7
       4
       3
       8
       3
       4
       3
       9
       4
       6
       9
       2
       9
       4
       6
       3
       2
       4
       3
       6
       3
       1
       1
       0
       5
       0
       6
       1
       4
       4
       5
       2
       2
       3
       1
       2
       7
       1
       6
       5
       3
       1
       3
       3
       1
       0
       3
       1
       2
       5
       3
       7
       3
       1
      10
       6
       3
       5
       9
       4
      10
      13
      11
       8
       6
       5
       9
      10
      10
       7
       6
       9
       6
       3
       2
       3
       4
       2
       2
       3
       3
       3
       1
       1
       0
       4
       1
       2
       3
       4
       4
       1
       0
       0
       3
       1
       0
       2
       1
       2
       2
       1
       0
       0
       3
       6
       2
       1
       0
       1
       3
       1
       3
       2
       0
       1
       1
       0
       0
       2
       0
       2
       1
       6
       0
       2
       1
       2
       0
       2
       0
       3
       1
       1
       3
       1
       2
       0
       1
       2
       0
       1
       0
       1
       0
       4
       0
       1
       0
       1
       0
       1
       0
       2
       1
       0
       2
       2
       0
       1
       3
       2
       0
       1
       2
       0
       0
       0
       3
       1
       0
       0
       0
       1
       1
       0
       0
       0
       1
       0
       1
       0
       1
       2
       1
       0
       0
       1
       1
       1
       1
       0
       0
       2
       2
       0
       2
       3
       2
       0
       0
       0
       1
       1
       1
       2
       1
       1
       1
       0
       2
       0
       1
       0
       1
       0
       1
       0
       0
       0
       0
       0
       0
       0
       0
       0
       0
       0
       0
       0
       0
       0
       0
       0
       0
       0
       0
       0
       0
       0
       0
       0
       0
$ROI:
1
102 148
$PRESETS:
Live Time
600
0
$ENER_FIT:
0.000000 5.426229
$MCA_CAL:
3
0.000000E+000 5.426229E+000 0.000000E+000 keV
$SHAPE_CAL:
3
0.000000E+000 0.000000E+000 0.000000E+000
