$SPEC_ID:
PRAK02 Easy-MCA-2k SN
$SPEC_REM:
DET# 1
DETDESC# PRAK01 Easy-MCA-2k SN 15071856
AP# Maestro Version 7.01
$DATE_MEA:
01/17/2002 21:09:06
$MEAS_TIM:
300 301
$DATA:
0 511
       0
       0
       0
       0
       0
       0
       0
       0
       0
       0
       0
       0
       0
       0
       0
       0
       0
       0
       9
      50
      56
      52
      55
      59
      52
      65
      67
      79
      71
      70
      88
     104
      96
     104
     101
     127
     110
     106
     109
     102
     116
     118
     116
     117
     123
     124
     114
     108
     126
     152
     115
     130
     104
     108
      99
      96
     108
     120
      97
      97
      86
      96
      90
      89
      74
      68
      82
      83
      91
      67
      79
      80
      80
      81
      85
      78
      77
      78
      65
      77
      73
      67
      51
      67
      53
      54
      42
      54
      53
      57
      61
      54
      71
      59
      48
      55
      51
      66
      73
      65
      52
      55
      58
      52
      58
      53
      51
      61
      46
      45
      53
      45
      54
      30
      43
      30
      35
      42
      30
      28
      29
      30
      22
      29
      30
      29
      20
      22
      27
      23
      30
      28
      28
      30
      37
      26
      29
      34
      37
      33
      22
      29
      25
      45
      38
      32
      56
      51
      63
     103
     111
     132
     133
     202
     221
     249
     270
     248
     264
     241
     208
     195
     167
     156
     132
      99
      77
      48
      34
      23
      16
      20
      17
       5
       5
       7
       9
      10
      10
       5
       3
       4
       8
       8
      12
       4
       7
       8
       6
       4
       4
       3
       6
       6
       4
       3
       4
       6
       2
       4
       7
       3
       4
       7
       7
       6
       4
       9
       5
       4
       6
       5
       1
       4
       5
       3
       2
       3
       2
       6
       3
       5
       5
       5
       1
       5
       5
       2
       5
       6
       7
       3
       3
       5
       4
       3
       3
       4
       2
       5
       3
       4
       4
       5
       1
       1
       4
       3
       1
       0
       3
       3
       3
       3
       5
       0
       2
       2
       4
       3
       2
       3
       2
       4
       1
       2
       5
       1
       1
       1
       1
       2
       4
       4
       1
       0
       4
       2
       1
       3
       2
       5
       1
       4
       3
       0
       0
       3
       3
       2
       4
       1
       1
       5
       1
       2
       1
       0
       2
       3
       3
       2
       0
       2
       1
       3
       2
       0
       2
       0
       1
       1
       1
       2
       2
       1
       2
       0
       1
       1
       0
       6
       2
       4
       1
       1
       3
       3
       2
       6
       1
       3
       7
       5
       2
       3
       5
       3
       4
       2
       5
       1
       1
       1
       1
       1
       0
       0
       2
       2
       0
       0
       1
       1
       0
       1
       0
       1
       0
       1
       1
       1
       1
       0
       0
       0
       1
       2
       1
       1
       0
       0
       0
       0
       0
       0
       0
       1
       0
       1
       1
       2
       1
       2
       1
       0
       1
       1
       0
       1
       1
       1
       2
       0
       0
       0
       0
       0
       1
       2
       0
       1
       1
       0
       2
       0
       2
       0
       0
       1
       0
       1
       1
       2
       0
       0
       0
       0
       1
       0
       1
       0
       0
       0
       0
       0
       1
       0
       0
       0
       0
       0
       0
       0
       0
       1
       0
       0
       0
       0
       0
       1
       1
       0
       0
       0
       1
       1
       0
       0
       0
       0
       0
       0
       0
       2
       1
       0
       0
       0
       0
       0
       2
       1
       1
       2
       1
       2
       0
       1
       1
       0
       0
       0
       1
       0
       0
       1
       1
       0
       1
       0
       0
       0
       1
       0
       0
       0
       0
       0
       0
       0
       0
       0
       0
       0
       0
       0
       0
       0
       0
       0
       0
       0
       0
       0
       0
       0
       0
       0
       0
       0
$ROI:
1
102 148
$PRESETS:
Live Time
300
0
$ENER_FIT:
0.000000 5.426229
$MCA_CAL:
3
0.000000E+000 5.426229E+000 0.000000E+000 keV
$SHAPE_CAL:
3
0.000000E+000 0.000000E+000 0.000000E+000
