$SPEC_ID:
PRAK02 Easy-MCA-2k SN
$SPEC_REM:
DET# 1
DETDESC# PRAK01 Easy-MCA-2k SN 15071856
AP# Maestro Version 7.01
$DATE_MEA:
01/17/2002 21:14:30
$MEAS_TIM:
300 301
$DATA:
0 511
       0
       0
       0
       0
       0
       0
       0
       0
       0
       0
       0
       0
       0
       0
       0
       0
       0
       0
       4
      35
      46
      30
      44
      39
      33
      50
      44
      58
      51
      52
      49
      81
      87
      72
      92
      80
      73
      72
      90
      86
      96
      79
      90
      84
     104
      96
      86
      89
      80
     103
      88
      99
      91
      99
      74
      82
      84
      67
      69
      80
      82
      77
      67
      55
      66
      63
      53
      62
      64
      58
      58
      65
      53
      46
      50
      67
      46
      52
      46
      56
      48
      49
      46
      40
      42
      46
      39
      43
      55
      42
      35
      35
      32
      45
      35
      34
      48
      44
      34
      28
      38
      42
      37
      24
      34
      28
      38
      37
      30
      23
      32
      33
      28
      25
      26
      32
      34
      22
      29
      29
      14
      14
      23
      14
      21
      19
      14
      19
      20
      16
      17
      12
      18
      18
      14
      16
      15
      21
      29
      18
      13
      21
      18
      18
      17
      23
      25
      41
      38
      55
      61
      80
     104
     112
     109
     130
     123
     172
     166
     146
     136
     124
     102
     105
      56
      58
      42
      37
      23
      16
      20
       6
       7
       3
       4
      11
       5
       6
       5
       7
       2
       9
       9
       3
       9
       0
       4
       3
       3
       8
       5
       3
       5
       5
       6
       5
       8
       3
       2
       0
       5
       3
       4
       4
       7
       8
       7
       5
       7
       1
       5
       3
       3
       4
       3
       4
       1
       3
       3
       4
       4
       2
       4
       8
       5
       1
       5
      10
       3
       0
       3
       7
       2
       3
       0
       6
       4
       5
       6
       3
       1
       5
       2
       2
       4
       6
       0
       3
       4
       2
       4
       5
       4
       3
       5
       6
       1
       3
       3
       0
       2
       4
       4
       0
       4
       3
       3
       8
       2
       5
       6
       4
       2
       2
       3
       2
       5
       2
       2
       2
       0
       4
       2
       2
       3
       4
       2
       2
       2
       2
       2
       1
       1
       4
       5
       2
       1
       1
       1
       0
       0
       0
       1
       1
       1
       3
       3
       0
       1
       1
       1
       0
       1
       1
       3
       1
       1
       2
       5
       3
       1
       2
       5
       0
       2
       2
       2
       4
       9
       5
       5
       5
       4
       3
       4
       6
       1
       4
       5
       2
       3
       2
       4
       0
       1
       4
       0
       1
       2
       0
       0
       0
       0
       0
       1
       2
       1
       0
       1
       0
       0
       0
       2
       1
       0
       1
       0
       2
       0
       1
       2
       1
       0
       1
       0
       1
       1
       1
       1
       0
       2
       0
       2
       0
       1
       1
       0
       0
       0
       0
       0
       0
       0
       0
       1
       0
       0
       0
       1
       0
       1
       0
       1
       0
       0
       3
       0
       1
       0
       1
       2
       1
       2
       0
       1
       1
       0
       0
       1
       1
       0
       0
       0
       1
       0
       1
       0
       1
       0
       0
       2
       0
       1
       0
       1
       1
       1
       0
       1
       0
       0
       1
       0
       0
       0
       0
       0
       2
       0
       0
       0
       0
       0
       0
       0
       1
       0
       1
       0
       1
       0
       1
       1
       3
       0
       0
       1
       0
       0
       0
       0
       0
       0
       0
       0
       0
       1
       0
       0
       0
       1
       0
       1
       0
       1
       0
       0
       0
       0
       0
       0
       0
       0
       0
       0
       0
       0
       0
       0
       0
       0
       0
       0
       0
       0
       0
       0
       0
       0
       0
       0
       0
$ROI:
1
102 148
$PRESETS:
Live Time
300
0
$ENER_FIT:
0.000000 5.426229
$MCA_CAL:
3
0.000000E+000 5.426229E+000 0.000000E+000 keV
$SHAPE_CAL:
3
0.000000E+000 0.000000E+000 0.000000E+000
