$SPEC_ID:
PRAK02 Easy-MCA-2k SN
$SPEC_REM:
DET# 1
DETDESC# PRAK01 Easy-MCA-2k SN 15071856
AP# Maestro Version 7.01
$DATE_MEA:
01/17/2002 20:50:41
$MEAS_TIM:
300 301
$DATA:
0 511
       0
       0
       0
       0
       0
       0
       0
       1
       5
      48
     135
     281
     392
     611
     669
     704
     651
     585
     486
     381
     257
     177
     109
      87
      56
      44
      38
      61
      43
      52
      59
      62
      57
      68
      76
      81
      73
      89
      71
      78
      75
      77
      87
      81
      88
      71
      68
      69
      94
      60
      59
      82
      78
      82
      79
      60
      61
      62
      73
      65
      64
      65
      62
      54
      51
      57
      54
      57
      37
      51
      63
      31
      56
      47
      46
      44
      42
      44
      30
      39
      42
      27
      40
      32
      32
      39
      41
      35
      34
      32
      31
      33
      32
      42
      36
      35
      41
      27
      29
      32
      29
      19
      22
      24
      23
      37
      26
      22
      33
      20
      25
      28
      25
      24
      25
      22
      12
      17
      16
      20
      18
      25
      16
      16
      12
      15
      20
      17
      13
       9
      13
      10
      13
      13
      15
       9
      12
      18
      13
      18
      13
      15
      13
      14
      12
      16
      28
      17
      23
      34
      39
      34
      39
      52
      48
      59
      56
      65
      67
      51
      68
      59
      36
      46
      35
      29
      19
      16
       9
       6
       6
       8
       7
      13
       4
       3
       8
       5
       5
       6
       7
       4
       2
       2
       7
       6
       7
       1
       3
      11
       7
       6
       6
       6
       3
       3
       4
       3
       2
       2
       5
       5
       3
       4
       4
       5
       5
       5
       6
       3
       2
       9
       7
       2
       3
       6
       8
       5
       6
       6
       9
       3
       7
       8
       3
       5
       1
       5
       7
       2
       6
       3
       5
       2
       3
       2
       3
       4
       1
       2
       3
       2
       3
       4
       4
       1
       2
       4
       5
       1
       5
       2
       3
       3
       3
       5
       3
       0
       1
       1
       5
       5
       3
       3
       4
       5
       0
       4
       4
       3
       2
       2
       3
       2
       1
       3
       1
       1
       1
       1
       0
       5
       2
       4
       2
       2
       1
       4
       1
       1
       4
       1
       0
       6
       2
       3
       2
       0
       1
       3
       0
       0
       0
       0
       1
       2
       2
       4
       2
       0
       2
       4
       2
       0
       3
       1
       4
       9
       2
       4
       3
       2
       0
       4
       3
       4
       2
       1
       3
       3
       3
       4
       1
       5
       8
       2
       3
       3
       6
       7
       2
       3
       1
       6
       3
       3
       3
       1
       0
       0
       3
       0
       0
       1
       2
       3
       1
       1
       0
       1
       2
       0
       0
       2
       4
       0
       0
       0
       1
       1
       1
       0
       1
       2
       1
       0
       2
       1
       1
       0
       1
       0
       1
       1
       1
       1
       2
       1
       1
       1
       0
       1
       0
       0
       2
       0
       0
       0
       0
       0
       0
       1
       3
       1
       1
       2
       1
       2
       1
       0
       2
       0
       0
       0
       0
       2
       0
       1
       1
       2
       0
       0
       0
       0
       0
       1
       0
       0
       0
       0
       0
       0
       0
       0
       0
       1
       0
       0
       0
       0
       0
       0
       0
       1
       2
       0
       2
       1
       0
       0
       1
       0
       0
       1
       0
       1
       2
       0
       1
       0
       0
       0
       0
       3
       0
       0
       1
       0
       0
       0
       0
       1
       1
       1
       0
       0
       0
       0
       0
       0
       0
       1
       1
       1
       0
       0
       0
       0
       0
       0
       0
       0
       0
       0
       0
       0
       0
       0
       0
       0
       0
       0
       0
       0
       0
       0
       0
       0
       0
       0
       0
       0
$ROI:
1
102 148
$PRESETS:
Live Time
300
0
$ENER_FIT:
0.000000 5.426229
$MCA_CAL:
3
0.000000E+000 5.426229E+000 0.000000E+000 keV
$SHAPE_CAL:
3
0.000000E+000 0.000000E+000 0.000000E+000
