$SPEC_ID:
PRAK02 Easy-MCA-2k SN
$SPEC_REM:
DET# 1
DETDESC# PRAK01 Easy-MCA-2k SN 15071856
AP# Maestro Version 7.01
$DATE_MEA:
01/17/2002 21:43:31
$MEAS_TIM:
300 301
$DATA:
0 511
       0
       0
       0
       0
       0
       0
       0
       0
       0
       0
       0
       0
       0
       0
       0
       0
       0
       1
       6
      30
      40
      38
      36
      30
      39
      39
      35
      69
      56
      39
      55
      65
      65
      64
      63
      70
      69
      66
      53
      75
      93
      90
      85
      82
      80
      60
      76
      78
      80
      72
      77
      72
      77
      87
      70
      59
      72
      83
      73
      62
      75
      73
      65
      72
      57
      53
      64
      46
      65
      50
      50
      57
      47
      50
      54
      40
      44
      49
      46
      46
      36
      49
      32
      41
      45
      46
      25
      37
      42
      39
      39
      27
      45
      25
      39
      20
      29
      32
      30
      32
      32
      16
      23
      25
      25
      23
      26
      29
      22
      22
      24
      32
      21
      17
      26
      21
      23
      19
      20
      21
      16
      17
      24
      19
      16
      20
      17
      16
      15
      12
      14
      11
      15
      17
      15
      13
      10
      13
      13
      15
      14
      14
      17
      20
      17
      17
      20
      31
      29
      30
      40
      54
      72
      64
      90
      85
      91
     111
      97
     124
      87
      80
      68
      66
      48
      48
      40
      36
      24
      17
      16
      12
       3
       5
       6
       4
       4
      11
       5
      10
       5
       5
       3
       8
       4
       6
       7
       6
       2
       1
       3
       6
       7
       5
       2
       2
       5
       1
       4
       6
       6
       6
       7
       7
       1
       3
       4
       4
       6
       1
       6
       3
       5
       7
       5
       3
       2
       2
       3
       9
       6
       5
       0
      10
       4
       3
       6
       2
       0
       2
       3
       2
       2
       2
       7
       4
       2
       2
       3
       6
       2
       5
       7
       1
       4
       8
       5
       5
       4
       4
       9
       3
       2
       3
       3
       3
       2
       3
       5
       6
       3
       1
       3
       5
       3
       1
       3
       4
       3
       3
       2
       3
       1
       3
       3
       2
       2
       1
       1
       3
       1
       0
       4
       0
       2
       4
       2
       1
       2
       4
       4
       4
       0
       3
       1
       1
       3
       1
       1
       3
       0
       2
       1
       1
       1
       2
       0
       1
       1
       0
       3
       0
       3
       1
       1
       3
       3
       2
       2
       1
       2
       2
       5
       2
       2
       2
       3
       3
       5
       5
       3
       4
       5
       2
       5
       6
       5
       3
       3
       3
       4
       0
       4
       0
       1
       4
       0
       2
       3
       2
       1
       0
       1
       0
       0
       1
       1
       2
       1
       2
       0
       0
       2
       0
       0
       1
       0
       2
       1
       0
       1
       3
       0
       1
       2
       0
       1
       0
       0
       1
       1
       1
       2
       1
       2
       2
       1
       0
       3
       0
       0
       0
       1
       2
       1
       1
       3
       2
       1
       0
       2
       1
       1
       2
       0
       0
       2
       0
       0
       1
       0
       0
       1
       0
       2
       1
       0
       1
       0
       0
       0
       0
       0
       0
       0
       0
       1
       0
       0
       0
       0
       0
       3
       1
       1
       0
       0
       0
       0
       0
       1
       0
       0
       1
       0
       0
       1
       0
       1
       0
       0
       0
       1
       0
       0
       0
       1
       0
       0
       0
       0
       0
       0
       0
       1
       0
       1
       2
       1
       0
       0
       0
       0
       0
       0
       0
       0
       1
       0
       1
       0
       1
       2
       0
       0
       0
       0
       0
       0
       0
       0
       0
       0
       0
       0
       0
       0
       0
       0
       0
       0
       0
       0
       0
       0
       0
       0
       0
       0
       0
       0
       0
$ROI:
1
102 148
$PRESETS:
Live Time
300
0
$ENER_FIT:
0.000000 5.426229
$MCA_CAL:
3
0.000000E+000 5.426229E+000 0.000000E+000 keV
$SHAPE_CAL:
3
0.000000E+000 0.000000E+000 0.000000E+000
