$SPEC_ID:
PRAK02 Easy-MCA-2k SN
$SPEC_REM:
DET# 1
DETDESC# PRAK01 Easy-MCA-2k SN 15071856
AP# Maestro Version 7.01
$DATE_MEA:
01/17/2002 20:56:20
$MEAS_TIM:
600 603
$DATA:
0 511
       0
       0
       0
       0
       0
       0
       0
       2
      16
     100
     266
     538
     847
    1252
    1345
    1352
    1288
    1170
     962
     715
     506
     345
     218
     158
     112
      90
      74
      97
      93
     106
     108
     118
     118
     134
     129
     145
     153
     164
     148
     162
     154
     162
     153
     157
     165
     160
     143
     147
     167
     128
     140
     149
     159
     151
     147
     149
     140
     112
     148
     121
     124
     137
     134
      98
     106
     100
      97
     115
      91
      97
     102
      62
      96
      97
      85
      91
      78
      88
      69
      70
      90
      71
      79
      66
      61
      80
      83
      70
      62
      62
      70
      62
      59
      72
      83
      60
      65
      47
      48
      57
      48
      41
      65
      41
      45
      57
      48
      42
      59
      47
      40
      48
      45
      42
      45
      36
      31
      43
      33
      34
      36
      42
      33
      32
      34
      35
      37
      31
      34
      25
      31
      23
      25
      27
      32
      19
      29
      28
      29
      26
      22
      26
      30
      27
      22
      35
      47
      43
      38
      64
      69
      71
      77
      90
      98
     119
     119
     132
     126
     117
     138
     109
      82
      81
      62
      60
      49
      33
      22
      13
      12
      17
      16
      22
       9
       8
      12
       9
      13
      15
      11
       7
       8
       3
      13
      13
      10
       5
      10
      13
      16
      10
       8
      13
       7
       8
       8
       8
      11
       6
       9
      11
       7
       6
       8
       8
       8
      11
      11
       9
       6
      12
      11
       7
       6
      12
      13
       9
      10
      11
      15
       6
      12
      11
       7
       9
       7
       6
      10
       9
      12
       7
      12
       8
       8
       3
      11
       5
       4
       2
       5
       4
       7
       6
       6
       4
       7
       6
       6
       5
       8
       4
       5
       5
       6
       7
       9
       3
       6
       6
       9
      10
       7
       5
       5
       7
       5
      10
       5
       5
       6
      11
       5
       2
       3
       4
       6
       5
       2
       3
       2
       5
       7
       4
       5
       6
       2
       8
       2
       4
       7
       2
       1
       8
       3
       5
       2
       0
       5
       3
       0
       5
       2
       0
       1
       7
       7
       7
       4
       0
       3
       5
       4
       2
       6
       1
       5
      13
       5
       5
       6
       5
       2
      10
       7
       8
       7
      10
       6
       8
       6
       9
       7
       9
      13
       4
       6
       6
       9
      14
       3
       5
       4
       9
       7
       5
       5
       1
       0
       2
       4
       1
       3
       2
       2
       4
       1
       1
       2
       3
       2
       2
       0
       2
       6
       0
       2
       1
       4
       1
       2
       0
       1
       2
       1
       0
       2
       1
       1
       1
       2
       2
       2
       2
       2
       1
       2
       1
       2
       2
       1
       2
       0
       0
       2
       0
       0
       1
       0
       1
       1
       2
       3
       2
       1
       2
       1
       2
       2
       1
       2
       0
       1
       0
       0
       2
       1
       2
       1
       3
       0
       1
       1
       1
       1
       1
       0
       0
       1
       1
       0
       0
       0
       1
       0
       1
       0
       0
       0
       1
       3
       0
       0
       1
       3
       0
       2
       3
       1
       0
       1
       0
       1
       2
       1
       1
       3
       0
       1
       1
       0
       0
       0
       3
       0
       0
       1
       2
       0
       0
       0
       1
       2
       1
       1
       1
       1
       0
       0
       0
       0
       2
       1
       1
       1
       0
       0
       0
       0
       0
       0
       0
       0
       0
       0
       0
       0
       0
       0
       0
       0
       0
       0
       0
       0
       0
       0
       0
       0
       0
       0
       0
$ROI:
1
102 148
$PRESETS:
Live Time
600
0
$ENER_FIT:
0.000000 5.426229
$MCA_CAL:
3
0.000000E+000 5.426229E+000 0.000000E+000 keV
$SHAPE_CAL:
3
0.000000E+000 0.000000E+000 0.000000E+000
