$SPEC_ID:
PRAK02 Easy-MCA-2k SN
$SPEC_REM:
DET# 1
DETDESC# PRAK01 Easy-MCA-2k SN 15071856
AP# Maestro Version 7.01
$DATE_MEA:
01/17/2002 20:37:59
$MEAS_TIM:
300 301
$DATA:
0 511
       0
       0
       0
       0
       0
       0
       1
       1
       3
      22
      65
     157
     273
     395
     492
     613
     610
     510
     432
     371
     252
     182
     120
      78
      73
      58
      51
      59
      49
      86
      70
      67
      83
      87
      70
      68
      89
      88
      75
     108
     105
      96
      98
     112
     107
      81
     104
     108
      61
     112
      86
      88
      91
      91
      86
     112
      89
      75
      77
      71
      82
      68
      75
      81
      57
      62
      70
      59
      62
      59
      59
      54
      48
      53
      53
      60
      46
      66
      60
      58
      54
      56
      50
      56
      59
      51
      42
      58
      41
      51
      40
      38
      37
      39
      36
      43
      43
      43
      43
      52
      35
      30
      44
      39
      40
      38
      33
      43
      28
      29
      38
      35
      31
      27
      36
      22
      25
      27
      23
      21
      28
      19
       8
      27
      18
      20
      18
      12
      28
      21
      26
      20
      22
      22
      21
      29
      23
      19
      22
      22
      25
      21
      25
      22
      23
      28
      35
      47
      56
      71
      64
      80
      92
     117
     150
     147
     145
     153
     147
     140
     144
     124
     132
      97
      70
      64
      55
      36
      40
      15
      16
      10
       8
       3
      11
       7
       6
       4
       5
       5
       5
       8
       7
       3
       3
       5
       4
       7
       5
       5
       8
       5
       4
       3
       5
       2
       4
       5
       5
       3
       4
       2
       5
       8
       7
       2
       6
       4
       8
       1
       7
       6
       5
       7
       5
       5
       6
       3
       7
       2
       0
       6
       2
       5
       6
       5
       4
       4
       4
       3
       2
       3
       8
       4
       5
       5
       3
       6
       6
       4
       3
       3
       2
       5
       2
       1
       4
       4
       3
       5
       5
       7
       1
       2
       5
       4
       5
       4
       5
       6
       3
       1
       2
       2
       1
       3
       2
       2
       3
       5
       2
       3
       3
       0
       9
       9
       3
       2
       2
       3
       5
       5
       1
       3
       1
       1
       4
       1
       2
       2
       1
       0
       2
       2
       4
       1
       1
       3
       1
       5
       2
       2
       1
       2
       0
       0
       2
       0
       1
       1
       2
       3
       2
       1
       0
       1
       4
       1
       5
       3
       2
       0
       5
       2
       2
       3
       1
       4
       4
       4
       5
       1
       3
       6
       7
       6
       3
       1
       9
       3
       2
       2
       2
       1
       1
       2
       4
       0
       1
       0
       2
       1
       2
       2
       1
       2
       0
       0
       1
       1
       1
       1
       0
       2
       1
       0
       0
       0
       2
       0
       2
       0
       1
       0
       0
       1
       0
       0
       0
       1
       0
       1
       1
       0
       0
       1
       1
       2
       0
       0
       1
       0
       1
       1
       0
       1
       0
       1
       1
       1
       0
       1
       0
       2
       0
       0
       1
       0
       0
       1
       0
       1
       0
       1
       0
       0
       2
       1
       0
       0
       0
       0
       0
       0
       0
       0
       1
       1
       0
       0
       1
       1
       0
       1
       0
       1
       1
       1
       1
       0
       0
       1
       0
       0
       0
       0
       0
       0
       0
       0
       0
       1
       1
       0
       1
       0
       0
       1
       1
       1
       0
       1
       1
       0
       0
       0
       0
       0
       0
       1
       0
       0
       0
       0
       2
       0
       2
       0
       0
       1
       0
       0
       0
       0
       0
       0
       0
       0
       0
       0
       0
       0
       0
       0
       0
       0
       0
       0
       0
       0
       0
       0
       0
       0
       0
       0
       0
       0
       0
       0
       0
       0
$ROI:
1
102 148
$PRESETS:
Live Time
300
0
$ENER_FIT:
0.000000 5.426229
$MCA_CAL:
3
0.000000E+000 5.426229E+000 0.000000E+000 keV
$SHAPE_CAL:
3
0.000000E+000 0.000000E+000 0.000000E+000
