$SPEC_ID:
PRAK02 Easy-MCA-2k SN
$SPEC_REM:
DET# 1
DETDESC# PRAK01 Easy-MCA-2k SN 15071856
AP# Maestro Version 7.01
$DATE_MEA:
01/17/2002 20:27:01
$MEAS_TIM:
300 301
$DATA:
0 511
       0
       0
       0
       0
       0
       0
       0
       1
       5
      31
      96
     159
     324
     406
     497
     646
     651
     590
     410
     367
     284
     204
     131
      93
      79
      62
      72
      56
      61
      68
      61
      77
      73
      72
      95
      89
      87
      83
      98
     103
      91
      90
      90
      92
      87
      96
      92
     108
      99
      94
      90
     103
      84
      95
      87
      94
      86
      97
      65
      76
      95
      71
      81
      69
      92
      60
      68
      67
      61
      69
      58
      55
      69
      71
      55
      56
      62
      60
      60
      48
      31
      68
      61
      52
      38
      41
      53
      30
      44
      30
      42
      48
      40
      36
      41
      44
      39
      34
      37
      36
      46
      37
      37
      39
      45
      40
      44
      25
      30
      30
      25
      33
      33
      38
      34
      20
      22
      23
      30
      20
      22
      19
      23
      23
      16
      16
      16
      16
      19
      19
      15
      17
      23
      19
      17
      21
      17
      14
      22
      23
      26
      23
      20
      17
      16
      23
      33
      36
      34
      44
      66
      90
      73
     116
     108
     136
     146
     147
     179
     151
     163
     144
      92
     139
      88
      63
      57
      45
      25
      23
      13
      15
       3
       5
       5
      10
      11
       6
       7
       4
       8
       2
       7
       3
       7
       5
      10
       3
       6
       3
       6
       3
       4
       3
       6
       6
       4
       1
       5
       6
       4
       9
       5
       4
       4
       2
       5
       7
       5
       9
       5
       9
       6
       5
       6
       3
       5
       4
       5
       7
       8
       4
       3
       2
       7
       2
       5
       4
       4
       7
       3
       5
       3
       2
       3
       4
       3
       2
       6
       3
       2
       4
       0
       2
       1
       8
       2
       3
       3
       1
       2
       4
       4
       6
       5
       5
       3
       4
       5
       5
       3
       2
       5
       3
       0
       3
       3
       6
       0
       1
       3
       2
       0
       2
       2
       5
       3
       7
       1
       2
       3
       7
       1
       1
       3
       0
       2
       1
       3
       1
       1
       2
       3
       2
       2
       0
       1
       4
       3
       4
       0
       3
       1
       3
       1
       0
       2
       0
       0
       1
       1
       2
       1
       1
       2
       2
       2
       1
       3
       2
       0
       1
       5
       1
      10
       7
       5
       2
       2
       6
       3
       3
       2
       3
       3
       5
       4
       2
       3
       0
       3
       1
       0
       1
       3
       2
       1
       2
       0
       2
       2
       1
       0
       0
       2
       0
       1
       1
       0
       0
       2
       1
       2
       2
       1
       1
       1
       0
       1
       0
       0
       0
       0
       1
       0
       0
       0
       2
       0
       2
       0
       0
       0
       1
       1
       1
       1
       0
       0
       1
       0
       1
       0
       1
       1
       0
       1
       0
       0
       0
       2
       1
       0
       0
       2
       1
       0
       0
       1
       0
       1
       0
       0
       0
       1
       0
       0
       1
       0
       1
       2
       0
       1
       1
       2
       0
       0
       1
       0
       0
       1
       0
       0
       0
       0
       0
       0
       0
       0
       0
       1
       0
       0
       0
       0
       0
       0
       0
       0
       0
       1
       1
       0
       0
       0
       0
       1
       0
       0
       1
       0
       0
       1
       1
       0
       2
       0
       0
       0
       1
       0
       1
       0
       0
       1
       0
       1
       0
       1
       0
       0
       1
       1
       0
       1
       0
       0
       0
       0
       0
       0
       0
       0
       0
       0
       0
       0
       0
       0
       0
       0
       0
       0
       0
       0
       0
       0
       0
       0
       0
       0
       0
$ROI:
1
102 148
$PRESETS:
Live Time
300
0
$ENER_FIT:
0.000000 5.426229
$MCA_CAL:
3
0.000000E+000 5.426229E+000 0.000000E+000 keV
$SHAPE_CAL:
3
0.000000E+000 0.000000E+000 0.000000E+000
