$SPEC_ID:
PRAK02 Easy-MCA-2k SN
$SPEC_REM:
DET# 1
DETDESC# PRAK01 Easy-MCA-2k SN 15071856
AP# Maestro Version 7.01
$DATE_MEA:
01/17/2002 20:32:35
$MEAS_TIM:
300 301
$DATA:
0 511
       0
       0
       0
       0
       0
       0
       0
       0
       1
      32
      87
     143
     274
     363
     470
     535
     564
     545
     447
     397
     256
     205
     141
     127
      71
      60
      56
      57
      66
      54
      70
      63
      78
      75
      82
      81
      77
      79
      99
      87
      85
      89
     102
      96
     102
      93
      89
     119
      66
      95
      92
      82
      97
      88
      88
      80
      75
      80
      81
      66
      73
      77
      72
      81
      57
      65
      54
      66
      56
      65
      50
      53
      53
      43
      42
      59
      51
      49
      44
      46
      50
      56
      56
      42
      40
      39
      41
      35
      40
      38
      41
      38
      55
      38
      40
      27
      37
      38
      39
      37
      29
      46
      31
      34
      20
      32
      33
      28
      29
      26
      33
      25
      20
      15
      18
      20
      28
      29
      26
      21
      15
      17
      19
      15
      25
      17
      14
      15
      20
      15
      18
      25
      14
      20
      15
      18
      24
      13
      31
      16
      20
      11
      20
      17
      24
      25
      34
      34
      34
      47
      62
      62
      90
     109
     117
     131
     120
     145
     152
     145
     142
     121
     104
      74
      85
      65
      42
      38
      25
      23
      19
       8
       6
       8
      11
       6
       5
       4
       2
       6
       4
       6
       6
       7
       7
       1
      12
       3
       4
       6
       2
       6
       3
       7
      10
       4
       5
       2
       8
       4
       3
       8
       4
       2
       4
       3
       5
       8
       3
       9
       4
       4
       5
       4
       5
       2
       5
       3
       2
       2
       4
       8
       4
       3
       3
       3
      12
       2
       2
       2
       2
       5
       5
       3
       2
       1
       1
       3
       3
       4
       0
       3
       3
       3
       4
       6
       1
       3
       3
       1
       5
       1
       1
       1
       6
       4
       3
       5
       2
       0
       6
       6
       3
       0
       4
       1
       2
       3
       6
       1
       4
       4
       2
       3
       0
       2
       8
       1
       1
       2
       3
       1
       3
       3
       1
       2
       2
       2
       1
       0
       3
       2
       1
       3
       2
       1
       1
       4
       1
       2
       1
       4
       1
       4
       4
       3
       0
       4
       5
       2
       2
       1
       5
       2
       2
       2
       1
       2
       3
       1
       3
       1
       2
       3
       5
       1
       6
       4
       4
       0
       6
       3
       4
       4
       6
       3
       6
       3
       4
       1
       4
       2
       2
       2
       2
       0
       3
       3
       4
       0
       0
       2
       2
       0
       2
       0
       0
       0
       2
       0
       1
       0
       0
       1
       3
       0
       0
       1
       0
       0
       0
       0
       2
       0
       0
       2
       0
       1
       1
       0
       1
       0
       0
       0
       0
       1
       1
       0
       0
       0
       1
       1
       0
       0
       1
       1
       1
       0
       0
       0
       1
       0
       1
       0
       2
       1
       1
       1
       0
       1
       0
       1
       2
       1
       0
       0
       1
       0
       0
       0
       0
       0
       0
       2
       3
       0
       0
       1
       0
       0
       0
       0
       0
       0
       0
       0
       0
       0
       0
       0
       2
       0
       0
       0
       1
       1
       0
       0
       0
       0
       0
       0
       0
       2
       1
       0
       0
       0
       1
       0
       0
       0
       0
       0
       0
       2
       1
       1
       0
       1
       1
       0
       0
       1
       0
       0
       0
       0
       0
       0
       0
       0
       1
       0
       0
       0
       0
       0
       0
       0
       0
       0
       0
       0
       0
       0
       0
       0
       0
       0
       0
       0
       0
       0
       0
       0
       0
       0
       0
       0
       0
       0
$ROI:
1
102 148
$PRESETS:
Live Time
300
0
$ENER_FIT:
0.000000 5.426229
$MCA_CAL:
3
0.000000E+000 5.426229E+000 0.000000E+000 keV
$SHAPE_CAL:
3
0.000000E+000 0.000000E+000 0.000000E+000
