$SPEC_ID:
PRAK02 Easy-MCA-2k SN
$SPEC_REM:
DET# 1
DETDESC# PRAK01 Easy-MCA-2k SN 15071856
AP# Maestro Version 7.01
$DATE_MEA:
01/17/2002 20:45:17
$MEAS_TIM:
300 301
$DATA:
0 511
       0
       0
       0
       0
       0
       1
       0
       0
       4
      37
     124
     231
     376
     508
     622
     645
     579
     553
     464
     387
     256
     160
     129
      72
      71
      63
      63
      68
      65
      51
      63
      77
      72
      86
      91
      79
      95
     105
      85
     103
      81
     109
     113
     103
     115
     104
     108
      93
      99
      93
     100
     110
      92
     105
      87
      97
      74
      93
      87
      80
      73
      94
      87
      78
      71
      67
      71
      75
      65
      61
      67
      73
      65
      67
      54
      58
      49
      59
      34
      64
      55
      60
      60
      51
      66
      55
      54
      58
      52
      58
      44
      48
      42
      54
      49
      55
      51
      37
      49
      42
      52
      43
      50
      41
      43
      39
      46
      34
      36
      51
      39
      33
      43
      33
      31
      31
      17
      28
      28
      27
      37
      29
      29
      20
      26
      19
      21
      27
      12
      19
      26
      19
      22
      15
      26
      25
      21
      13
      20
      21
      27
      17
      21
      21
      24
      25
      49
      32
      46
      67
      84
      97
     125
     136
     148
     203
     183
     205
     185
     204
     169
     169
     152
     158
     102
      81
      54
      44
      47
      32
      24
      11
       8
       5
       4
       8
       7
       2
       5
       3
       5
       4
      10
       9
       6
       8
       4
       6
       4
       4
       5
      10
       4
       5
       3
       6
       4
       5
       5
       9
       9
       6
       3
       7
       5
       3
       4
       4
       7
       2
       2
       5
       4
       2
       2
       4
       7
       1
       4
       4
       4
       4
       4
       5
       7
       2
       5
       4
       9
       0
       4
       2
       1
       4
       4
       3
       0
       2
       3
       2
       0
       2
       5
       7
       4
       6
       6
       6
       2
       2
       1
       6
       2
       2
       1
       2
       4
       3
       4
       5
       8
       3
       5
       2
       4
       0
       1
       5
       5
       4
       4
       2
       6
       4
       1
       4
       1
       4
       3
       1
       0
       4
       0
       1
       1
       0
       2
       3
       3
       3
       1
       2
       2
       2
       1
       0
       3
       0
       1
       0
       2
       1
       0
       1
       1
       1
       2
       2
       3
       0
       3
       1
       3
       3
       2
       2
       2
       0
       5
       1
       2
       3
       1
       3
       3
       2
       4
       1
       3
       2
       2
       1
       9
       5
       3
       5
       5
       3
       2
       1
       3
       3
       2
       0
       1
       2
       2
       0
       0
       2
       0
       2
       0
       1
       0
       0
       3
       1
       2
       0
       2
       1
       0
       0
       0
       2
       0
       2
       1
       2
       1
       1
       2
       1
       1
       0
       1
       0
       0
       0
       0
       0
       0
       1
       1
       0
       0
       0
       0
       2
       0
       0
       0
       0
       1
       0
       1
       0
       1
       0
       0
       1
       0
       0
       0
       0
       2
       0
       1
       0
       1
       0
       1
       0
       0
       0
       0
       0
       1
       0
       1
       0
       0
       0
       1
       0
       0
       0
       1
       1
       0
       0
       0
       1
       0
       1
       0
       0
       1
       0
       0
       0
       1
       1
       0
       0
       1
       0
       0
       0
       0
       0
       0
       2
       1
       1
       0
       0
       0
       1
       1
       0
       0
       0
       0
       0
       0
       0
       1
       2
       1
       0
       0
       1
       1
       0
       0
       0
       0
       1
       1
       0
       3
       0
       0
       1
       0
       0
       0
       0
       0
       0
       0
       0
       0
       0
       0
       0
       0
       0
       0
       0
       0
       0
       0
       0
       0
       0
       0
       0
       0
       0
$ROI:
1
102 148
$PRESETS:
Live Time
300
0
$ENER_FIT:
0.000000 5.426229
$MCA_CAL:
3
0.000000E+000 5.426229E+000 0.000000E+000 keV
$SHAPE_CAL:
3
0.000000E+000 0.000000E+000 0.000000E+000
