$SPEC_ID:
PRAK02 Easy-MCA-2k SN
$SPEC_REM:
DET# 1
DETDESC# PRAK01 Easy-MCA-2k SN 15071856
AP# Maestro Version 7.01
$DATE_MEA:
01/17/2002 22:55:53
$MEAS_TIM:
300 301
$DATA:
0 511
       0
       0
       0
       0
       0
       0
       0
       0
       0
       0
       0
       0
       0
       0
       0
       0
       0
       0
      19
      85
     111
     110
     103
     123
     119
      89
     132
      94
     130
     123
     135
     128
     135
     180
     144
     162
     158
     172
     158
     158
     163
     181
     183
     164
     186
     176
     174
     203
     167
     180
     164
     180
     184
     186
     171
     217
     177
     146
     156
     172
     176
     160
     141
     174
     156
     140
     146
     136
     143
     126
     112
     130
     135
     131
     127
     129
     133
     111
     135
     132
     121
     127
     117
     116
     136
     115
     133
     112
     119
     117
     140
     115
     120
     110
     121
     122
     113
     125
     122
     105
     129
     122
     117
     108
     124
     136
     116
     124
     118
      90
     112
      98
     100
      87
      79
      67
      62
      72
      80
      77
      64
      63
      56
      41
      45
      49
      45
      46
      38
      32
      40
      57
      55
      40
      49
      54
      52
      54
      46
      71
      47
      45
      65
      52
      77
      85
     111
     143
     194
     231
     252
     326
     404
     474
     574
     662
     737
     723
     791
     750
     734
     651
     644
     520
     425
     315
     251
     211
     133
      87
      58
      44
      31
      20
      10
       8
       6
      11
       9
       5
       9
       5
       7
       3
       7
       5
       6
       0
       4
       8
       2
       2
       3
       5
       7
       4
       7
      12
       7
       2
       7
       7
       4
       8
       2
       3
       8
       6
       1
       3
       7
       5
       1
       7
       2
       2
       5
       4
       5
       2
       5
       7
       4
       2
       4
       1
       4
       7
       3
       7
       2
       3
       1
       6
       2
       2
       4
       5
       4
       2
       1
       3
       2
       2
       5
       4
       5
       2
       6
       1
       2
       3
       4
       3
       0
       1
       2
       2
       3
       2
       3
       3
       1
       5
       2
       3
       5
       4
       4
       0
       2
       2
       1
       2
       3
       4
       0
       2
       4
       5
       2
       5
       3
       0
       3
       5
       2
       1
       3
       0
       1
       2
       3
       1
       3
       3
       0
       2
       2
       0
       0
       1
       2
       0
       2
       1
       0
       3
       1
       2
       4
       1
       0
       1
       2
       1
       0
       2
       0
       3
       2
       5
       7
       3
       2
       3
       2
       4
       5
       1
       3
       4
       4
       6
       5
       1
       3
       1
       5
       4
       4
       4
       1
       3
       5
       2
       3
       2
       3
       2
       1
       2
       0
       2
       1
       2
       1
       0
       0
       1
       1
       0
       1
       1
       0
       0
       3
       0
       0
       0
       0
       1
       0
       3
       0
       2
       1
       0
       1
       0
       0
       0
       1
       1
       0
       2
       0
       0
       0
       0
       1
       1
       0
       0
       1
       0
       1
       0
       3
       0
       1
       0
       2
       0
       2
       0
       2
       0
       0
       0
       0
       0
       0
       0
       1
       0
       1
       1
       0
       0
       1
       1
       0
       1
       1
       0
       1
       1
       1
       1
       0
       0
       0
       0
       0
       1
       0
       1
       0
       0
       0
       1
       0
       0
       0
       0
       0
       0
       0
       0
       1
       0
       0
       0
       0
       1
       1
       0
       1
       0
       0
       1
       1
       0
       1
       1
       0
       0
       0
       0
       0
       0
       1
       1
       0
       0
       0
       0
       3
       2
       1
       1
       0
       0
       4
       0
       0
       0
       0
       0
       0
       0
       0
       0
       0
       0
       0
       0
       0
       0
       0
       0
       0
       0
       0
       0
       0
       0
       0
       0
       0
       0
$ROI:
1
102 148
$PRESETS:
Live Time
300
0
$ENER_FIT:
0.000000 5.426229
$MCA_CAL:
3
0.000000E+000 5.426229E+000 0.000000E+000 keV
$SHAPE_CAL:
3
0.000000E+000 0.000000E+000 0.000000E+000
