$SPEC_ID:
PRAK02 Easy-MCA-2k SN
$SPEC_REM:
DET# 1
DETDESC# PRAK01 Easy-MCA-2k SN 15071856
AP# Maestro Version 7.01
$DATE_MEA:
01/17/2002 21:58:21
$MEAS_TIM:
300 301
$DATA:
0 511
       0
       0
       0
       0
       0
       0
       0
       0
       0
       0
       0
       0
       0
       0
       0
       0
       0
       0
      32
     136
     138
     153
     148
     148
     155
     165
     148
     156
     152
     151
     177
     178
     199
     156
     204
     194
     212
     211
     199
     202
     195
     239
     248
     225
     226
     211
     194
     206
     224
     253
     231
     215
     216
     213
     196
     237
     219
     190
     206
     199
     190
     200
     183
     199
     188
     196
     175
     216
     192
     169
     160
     173
     175
     182
     162
     175
     172
     165
     155
     194
     168
     191
     188
     174
     159
     141
     164
     156
     144
     192
     176
     164
     183
     154
     162
     163
     169
     165
     146
     163
     176
     153
     154
     164
     172
     170
     177
     178
     173
     148
     149
     126
     153
     124
      99
      72
     112
      87
      92
      87
      87
      78
      79
      74
      70
      69
      61
      75
      56
      68
      59
      55
      71
      60
      74
      54
      83
      67
      82
      71
      86
      77
      61
     101
     103
     105
     158
     175
     193
     302
     362
     432
     559
     664
     824
     884
    1083
    1089
    1154
    1092
    1067
    1011
     914
     759
     693
     540
     390
     328
     208
     148
     107
      69
      34
      35
      15
      16
       6
       9
      10
       1
       5
       5
       5
       4
       5
       4
       7
       8
       3
       4
       3
       6
       5
       3
       1
       2
       8
       4
       4
       2
       3
       2
       3
       2
       4
       2
       3
       1
       3
       3
       7
       5
       5
       6
       6
       5
       8
       8
       5
       1
       6
       6
       4
       6
       4
       2
       2
       4
       8
       5
       4
       2
       4
       2
       4
       5
       1
       3
       7
       0
       5
       0
       4
       3
       3
       3
       3
       1
       0
       3
       5
       4
       5
       4
       6
       1
       1
       4
       6
       2
       2
       3
       3
       3
       3
       3
       2
       0
       3
       5
       2
       0
       4
       2
       8
       5
       1
       4
       3
       2
       1
       2
       2
       3
       3
       6
       9
       0
       2
       2
       1
       4
       3
       3
       3
       1
       4
       3
       2
       1
       1
       3
       1
       2
       1
       1
       0
       2
       0
       1
       1
       1
       5
       3
       2
       1
       0
       2
       3
       3
       2
       4
       1
       7
       2
       2
       3
       3
       6
       3
       5
       4
       5
       3
       1
       6
       2
       4
       3
       1
       2
       9
       1
       2
       2
       1
       1
       2
       3
       1
       2
       1
       0
       1
       2
       1
       0
       0
       1
       2
       0
       0
       0
       0
       0
       0
       1
       1
       0
       0
       0
       0
       0
       0
       0
       1
       0
       2
       0
       0
       0
       1
       0
       0
       1
       0
       0
       1
       0
       1
       0
       0
       0
       0
       0
       2
       2
       0
       1
       1
       1
       1
       2
       0
       2
       0
       1
       0
       1
       0
       0
       0
       0
       0
       0
       1
       0
       0
       0
       0
       2
       0
       1
       0
       0
       0
       1
       0
       1
       0
       1
       1
       0
       0
       1
       1
       0
       0
       1
       0
       0
       0
       0
       0
       0
       1
       1
       0
       1
       0
       0
       0
       0
       0
       0
       0
       2
       1
       0
       1
       0
       0
       1
       0
       0
       1
       0
       0
       0
       0
       0
       1
       1
       0
       1
       0
       0
       0
       1
       0
       0
       0
       2
       0
       0
       0
       0
       0
       0
       0
       0
       0
       0
       0
       0
       0
       0
       0
       0
       0
       0
       0
       0
       0
       0
       0
       0
       0
       0
       0
       0
       0
$ROI:
1
102 148
$PRESETS:
Live Time
300
0
$ENER_FIT:
0.000000 5.426229
$MCA_CAL:
3
0.000000E+000 5.426229E+000 0.000000E+000 keV
$SHAPE_CAL:
3
0.000000E+000 0.000000E+000 0.000000E+000
