$SPEC_ID:
PRAK02 Easy-MCA-2k SN
$SPEC_REM:
DET# 1
DETDESC# PRAK01 Easy-MCA-2k SN 15071856
AP# Maestro Version 7.01
$DATE_MEA:
01/17/2002 22:45:13
$MEAS_TIM:
300 301
$DATA:
0 511
       0
       0
       0
       0
       0
       0
       0
       0
       0
       0
       0
       0
       0
       0
       0
       0
       0
       0
      23
     139
     136
     191
     181
     171
     171
     139
     171
     171
     177
     193
     191
     180
     203
     216
     212
     217
     219
     197
     250
     253
     241
     271
     214
     236
     250
     251
     298
     269
     262
     267
     231
     255
     280
     275
     263
     253
     222
     258
     218
     238
     232
     218
     209
     219
     205
     237
     209
     216
     186
     190
     180
     178
     203
     183
     214
     198
     208
     194
     199
     190
     186
     206
     156
     177
     198
     175
     156
     160
     175
     173
     181
     180
     172
     201
     192
     187
     192
     180
     187
     174
     182
     189
     173
     209
     188
     204
     170
     176
     197
     152
     159
     166
     146
     137
     126
     116
     114
     102
     103
      73
      82
      80
      71
      89
      72
      82
      78
      72
      60
      87
      74
      82
      76
      77
      77
      78
      77
      90
      83
      87
      69
      92
      91
     103
     109
     139
     148
     198
     244
     331
     398
     526
     626
     753
     849
    1013
    1112
    1249
    1228
    1175
    1192
    1057
     930
     784
     675
     520
     390
     297
     196
     140
      82
      65
      39
      31
      13
      12
       5
       5
      11
       6
       7
       7
       2
       7
       5
       4
       8
       6
       3
       6
       4
       2
       5
       5
       3
       6
       5
       3
       3
       3
       5
      10
       3
       3
       9
       5
       0
       5
       9
       1
       5
       2
       5
       4
       5
       4
       7
       5
       5
       4
       2
       5
       5
       3
       0
       5
       2
       3
       2
       5
       3
       1
       6
       3
       1
       6
       4
       1
       4
       2
       3
       4
       2
       1
       4
       5
       4
       6
       1
       5
       1
       8
       2
       2
       6
       4
       2
       4
       3
       3
       2
       2
       6
       6
       3
       3
       3
       3
       0
       1
       3
       1
       2
       1
       4
       2
       2
       5
       2
       4
       2
       1
       0
       3
       1
       2
       3
       1
       1
       0
       2
       2
       7
       0
       4
       2
       2
       0
       1
       3
       0
       2
       0
       0
       1
       3
       0
       0
       1
       1
       2
       3
       1
       1
       3
       3
       1
       2
       0
       3
       2
       1
       2
       3
       3
       4
       2
       5
       3
       3
       6
       3
       6
       5
       3
       2
       5
       4
       3
       3
       4
       1
       2
       1
       2
       2
       2
       1
       2
       2
       1
       2
       0
       0
       1
       2
       0
       0
       0
       1
       0
       1
       1
       2
       1
       0
       0
       0
       1
       1
       0
       0
       1
       2
       0
       1
       0
       2
       0
       1
       0
       1
       2
       0
       1
       0
       1
       1
       1
       1
       0
       2
       1
       0
       1
       1
       0
       1
       2
       0
       0
       0
       1
       1
       2
       0
       1
       1
       2
       0
       0
       0
       1
       0
       2
       0
       0
       1
       0
       0
       0
       0
       0
       0
       0
       0
       0
       0
       0
       2
       0
       0
       0
       3
       0
       0
       1
       1
       0
       1
       1
       0
       0
       0
       0
       0
       0
       1
       0
       2
       0
       0
       0
       0
       0
       0
       0
       1
       0
       1
       1
       0
       1
       0
       0
       1
       0
       0
       0
       0
       0
       1
       1
       0
       1
       0
       1
       0
       0
       0
       2
       0
       0
       2
       0
       0
       0
       0
       0
       0
       0
       0
       0
       0
       0
       0
       0
       0
       0
       0
       0
       0
       0
       0
       0
       0
       0
       0
       0
       0
       0
       0
$ROI:
1
102 148
$PRESETS:
Live Time
300
0
$ENER_FIT:
0.000000 5.426229
$MCA_CAL:
3
0.000000E+000 5.426229E+000 0.000000E+000 keV
$SHAPE_CAL:
3
0.000000E+000 0.000000E+000 0.000000E+000
