$SPEC_ID:
PRAK02 Easy-MCA-2k SN
$SPEC_REM:
DET# 1
DETDESC# PRAK01 Easy-MCA-2k SN 15071856
AP# Maestro Version 7.01
$DATE_MEA:
01/17/2002 22:10:32
$MEAS_TIM:
300 301
$DATA:
0 511
       0
       0
       0
       0
       0
       0
       0
       0
       0
       0
       0
       0
       0
       0
       0
       0
       1
       0
      26
     120
     114
     139
     157
     149
     150
     150
     151
     167
     135
     157
     175
     168
     185
     210
     170
     228
     219
     225
     208
     207
     238
     227
     197
     209
     246
     211
     248
     219
     213
     222
     233
     219
     202
     233
     206
     212
     214
     234
     219
     205
     201
     205
     194
     181
     193
     163
     165
     187
     173
     176
     189
     163
     169
     151
     192
     178
     170
     163
     163
     165
     161
     136
     162
     148
     183
     159
     169
     163
     162
     137
     161
     171
     172
     149
     152
     155
     165
     159
     169
     137
     175
     162
     161
     167
     153
     141
     150
     147
     155
     158
     145
     130
     119
     123
     117
     120
      97
      73
      98
      77
      67
      83
      75
      66
      58
      64
      62
      62
      62
      71
      66
      85
      63
      44
      60
      64
      74
      58
      59
      80
      68
      73
      96
      81
      77
     120
     138
     166
     206
     257
     315
     448
     512
     595
     778
     831
     914
    1053
    1045
     969
     947
     908
     827
     732
     596
     499
     387
     241
     194
     126
      96
      63
      37
      26
      23
       8
      12
       6
       5
       4
       9
       8
       6
       6
       7
       6
       5
       9
       6
       1
       6
       6
       3
       5
       3
       5
       4
       5
       4
       3
       4
       3
       5
       2
       7
       8
       7
       6
       8
       1
       3
       0
       1
       5
       6
       5
       7
       5
       5
       5
       7
       1
       4
       2
       5
       6
       5
       2
       2
       4
       2
       5
       4
       3
       2
       4
       2
       1
       4
       2
       5
       5
       4
       2
       0
       4
       5
       3
       5
       2
       1
       3
       3
       4
       3
       4
       5
       2
       5
       3
       3
       4
       4
       1
       2
       6
       0
       2
       2
       4
       7
       4
       2
       3
       4
       2
       1
       4
       2
       1
       3
       1
       3
       5
       2
       1
       6
       3
       2
       2
       3
       2
       1
       2
       0
       1
       2
       0
       1
       1
       0
       3
       3
       1
       2
       3
       3
       3
       2
       4
       0
       3
       0
       0
       1
       1
       2
       1
       4
       2
       0
       2
       5
       1
       2
       2
       2
       2
       2
       4
       3
       2
       2
       2
       6
       6
       3
       7
       1
       5
       1
       2
       6
       3
       5
       3
       2
       3
       2
       1
       1
       0
       0
       1
       1
       1
       1
       1
       0
       2
       1
       0
       1
       5
       0
       1
       0
       1
       1
       0
       1
       0
       1
       0
       1
       0
       0
       1
       0
       0
       0
       1
       0
       0
       1
       2
       1
       0
       1
       0
       1
       1
       0
       0
       0
       0
       1
       0
       0
       0
       1
       0
       0
       0
       0
       0
       1
       0
       0
       1
       1
       1
       1
       1
       0
       2
       0
       2
       0
       0
       1
       0
       0
       0
       0
       0
       1
       0
       0
       2
       0
       2
       0
       1
       0
       0
       1
       1
       0
       0
       0
       0
       0
       2
       0
       0
       0
       0
       0
       1
       0
       0
       0
       0
       0
       0
       0
       1
       0
       0
       1
       1
       0
       0
       0
       0
       0
       0
       0
       1
       0
       1
       0
       0
       1
       1
       0
       0
       1
       0
       0
       0
       0
       0
       1
       0
       0
       0
       0
       0
       0
       0
       0
       0
       0
       0
       0
       0
       0
       0
       0
       0
       0
       0
       0
       0
       0
       0
       0
       0
       0
       0
$ROI:
1
102 148
$PRESETS:
Live Time
300
0
$ENER_FIT:
0.000000 5.426229
$MCA_CAL:
3
0.000000E+000 5.426229E+000 0.000000E+000 keV
$SHAPE_CAL:
3
0.000000E+000 0.000000E+000 0.000000E+000
