$SPEC_ID:
PRAK02 Easy-MCA-2k SN
$SPEC_REM:
DET# 1
DETDESC# PRAK01 Easy-MCA-2k SN 15071856
AP# Maestro Version 7.01
$DATE_MEA:
01/17/2002 22:38:35
$MEAS_TIM:
300 302
$DATA:
0 511
       0
       0
       0
       0
       0
       0
       0
       0
       0
       1
       1
       0
       0
       0
       0
       0
       0
       2
      30
     323
     390
     343
     349
     353
     364
     372
     365
     382
     374
     367
     415
     419
     421
     441
     458
     419
     466
     426
     467
     446
     471
     490
     512
     478
     488
     503
     516
     487
     498
     530
     575
     589
     564
     611
     549
     548
     534
     546
     528
     519
     503
     493
     505
     480
     502
     481
     513
     491
     463
     447
     467
     435
     419
     462
     459
     425
     440
     455
     466
     456
     445
     434
     413
     442
     414
     402
     407
     415
     424
     462
     427
     440
     468
     424
     421
     406
     447
     423
     466
     454
     427
     406
     445
     446
     484
     431
     436
     430
     414
     418
     402
     390
     389
     357
     334
     313
     283
     265
     249
     216
     231
     199
     169
     192
     158
     168
     168
     144
     157
     166
     162
     163
     145
     160
     176
     157
     161
     156
     161
     161
     177
     172
     166
     220
     211
     256
     326
     399
     514
     637
     840
    1123
    1402
    1743
    2061
    2255
    2650
    2806
    2959
    2980
    2937
    2720
    2406
    2099
    1740
    1382
    1151
     818
     585
     429
     263
     197
     112
      62
      35
      23
      13
       9
       3
       6
       7
       6
      13
       8
       4
       4
       6
       3
       7
       2
       6
       6
       9
       4
       3
       8
       4
       5
       5
       1
       8
       4
       5
       8
       4
       4
       2
       2
       5
       8
       5
       2
       6
       5
       2
       8
       3
       5
       9
       5
       2
       4
       6
       4
       6
       4
       4
       6
       7
       7
       5
       4
       4
       7
       1
       6
       4
       3
       6
       4
       3
       5
       3
       3
       0
       1
       4
       2
       5
       2
       2
       4
       3
       2
       3
       1
       2
       3
       6
       4
       5
       3
       0
       4
       5
       2
       2
       3
       2
       6
       2
       2
       1
       1
       7
       1
       0
       2
       4
       1
       1
       2
       2
       3
       2
       1
       2
       4
       3
       5
       2
       3
       1
       2
       3
       1
       2
       2
       0
       2
       2
       1
       2
       1
       2
       1
       1
       1
       0
       2
       4
       2
       4
       1
       2
       1
       2
       2
       1
       2
       2
       2
       3
       2
       6
       3
       5
       4
       9
       4
       3
       5
       6
       5
       4
       4
       4
       6
       3
       2
       5
       2
       3
       3
       4
       3
       1
       1
       0
       1
       1
       1
       0
       2
       1
       1
       1
       1
       1
       1
       1
       2
       0
       0
       0
       0
       0
       1
       2
       1
       0
       1
       0
       1
       0
       0
       0
       2
       0
       0
       0
       1
       0
       0
       2
       0
       0
       0
       0
       1
       0
       0
       1
       1
       1
       1
       1
       0
       1
       1
       0
       0
       0
       1
       2
       1
       1
       1
       0
       1
       3
       0
       0
       0
       1
       0
       0
       0
       1
       1
       0
       0
       2
       0
       1
       1
       0
       0
       0
       0
       0
       0
       0
       0
       0
       1
       0
       1
       0
       0
       0
       0
       0
       0
       0
       0
       0
       0
       1
       2
       0
       0
       1
       0
       0
       0
       0
       0
       0
       0
       0
       0
       0
       0
       0
       0
       1
       0
       0
       0
       1
       0
       0
       1
       0
       0
       2
       0
       4
       0
       0
       0
       2
       0
       0
       0
       0
       0
       0
       0
       0
       0
       0
       0
       0
       0
       0
       0
       0
       0
       0
       0
       0
       0
       0
       0
       0
       0
       0
       0
       0
       0
$ROI:
1
102 148
$PRESETS:
Live Time
300
0
$ENER_FIT:
0.000000 5.426229
$MCA_CAL:
3
0.000000E+000 5.426229E+000 0.000000E+000 keV
$SHAPE_CAL:
3
0.000000E+000 0.000000E+000 0.000000E+000
