$SPEC_ID:
PRAK02 Easy-MCA-2k SN
$SPEC_REM:
DET# 1
DETDESC# PRAK01 Easy-MCA-2k SN 15071856
AP# Maestro Version 7.01
$DATE_MEA:
01/17/2002 22:50:31
$MEAS_TIM:
300 301
$DATA:
0 511
       0
       0
       0
       0
       0
       0
       0
       0
       0
       0
       0
       0
       0
       0
       0
       0
       0
       0
      14
      72
     104
      95
      86
     101
     106
      97
     111
     127
     126
     113
     120
     147
     117
     165
     159
     152
     171
     131
     137
     152
     157
     174
     153
     153
     149
     168
     173
     158
     153
     169
     161
     168
     155
     154
     155
     143
     152
     140
     136
     152
     140
     119
     150
     118
     142
     145
     137
     122
     126
     110
     105
     134
     124
     139
     123
     106
     109
     108
     136
     108
     122
     112
     105
      98
     102
     116
     123
     108
     110
     104
     107
     101
     104
     106
      96
     112
     107
      82
     115
      93
     101
     107
     100
      96
      92
     107
     120
      92
     101
     103
      93
      92
      79
      77
      96
      76
      58
      70
      55
      56
      62
      52
      47
      55
      44
      51
      42
      54
      54
      42
      36
      47
      47
      44
      38
      49
      53
      48
      39
      45
      38
      59
      64
      56
      55
      80
     100
     113
     131
     190
     223
     326
     373
     452
     542
     595
     624
     632
     682
     639
     596
     630
     541
     447
     365
     252
     188
     173
     118
     106
      57
      24
      17
      11
      10
      17
       8
       9
       4
       6
       6
       4
       4
       3
      11
       1
       1
       7
       5
       7
       7
       7
       5
       8
       6
       7
       5
       3
      13
       3
       8
       3
       8
       6
       4
       4
       4
       2
       3
       2
       5
       4
       4
       7
       4
       2
       6
       3
       0
       3
       3
       6
       1
       1
       1
       3
       5
       5
       4
       5
       2
       3
       9
       0
       5
       5
       1
       5
       3
       7
       3
       2
       5
       6
       1
       2
       2
       2
       5
       1
       3
       4
       5
       1
       1
       6
       4
       1
       4
       4
       4
       3
       3
       2
       4
       5
       0
       3
       4
       0
       4
       3
       1
       6
       6
       1
       0
       1
       2
       1
       2
       2
       1
       1
       1
       3
       1
       3
       1
       4
       3
       2
       2
       3
       1
       1
       2
       0
       0
       0
       2
       4
       1
       2
       0
       0
       3
       1
       1
       1
       2
       1
       2
       1
       2
       3
       2
       3
       0
       0
       3
       6
       1
       0
       5
       4
       4
       2
       3
       7
       7
       6
       8
       6
       7
       2
       5
       2
       6
       3
       5
       6
       3
       2
       1
       2
       3
       1
       1
       0
       1
       3
       0
       1
       3
       1
       1
       1
       0
       1
       0
       0
       0
       1
       0
       0
       0
       0
       1
       1
       0
       1
       0
       0
       1
       2
       1
       0
       2
       0
       1
       0
       1
       1
       1
       0
       0
       1
       1
       0
       0
       0
       0
       1
       1
       1
       1
       0
       0
       2
       2
       1
       1
       0
       0
       0
       1
       0
       0
       1
       1
       0
       0
       0
       0
       1
       0
       0
       0
       0
       0
       0
       1
       1
       0
       0
       2
       0
       0
       1
       1
       1
       0
       0
       1
       0
       0
       0
       1
       0
       0
       0
       0
       1
       0
       0
       0
       0
       0
       0
       1
       0
       1
       1
       0
       0
       0
       0
       0
       0
       0
       0
       1
       1
       0
       1
       0
       0
       0
       1
       0
       0
       1
       1
       0
       1
       1
       0
       0
       0
       0
       0
       0
       0
       1
       0
       0
       0
       0
       0
       0
       0
       0
       0
       0
       0
       0
       0
       0
       0
       0
       0
       0
       0
       0
       0
       0
       0
       0
       0
       0
       0
$ROI:
1
102 148
$PRESETS:
Live Time
300
0
$ENER_FIT:
0.000000 5.426229
$MCA_CAL:
3
0.000000E+000 5.426229E+000 0.000000E+000 keV
$SHAPE_CAL:
3
0.000000E+000 0.000000E+000 0.000000E+000
