$SPEC_ID:
PRAK02 Easy-MCA-2k SN
$SPEC_REM:
DET# 1
DETDESC# PRAK01 Easy-MCA-2k SN 15071856
AP# Maestro Version 7.01
$DATE_MEA:
01/17/2002 21:52:52
$MEAS_TIM:
300 301
$DATA:
0 511
       0
       0
       0
       0
       0
       0
       0
       0
       0
       0
       0
       0
       0
       0
       0
       0
       0
       0
      25
     127
     166
     150
     157
     154
     178
     160
     157
     162
     171
     162
     169
     205
     186
     182
     212
     189
     214
     208
     213
     229
     197
     235
     219
     194
     226
     214
     254
     230
     248
     234
     224
     232
     200
     234
     230
     197
     198
     216
     195
     233
     211
     214
     205
     187
     220
     201
     192
     181
     205
     192
     206
     190
     195
     200
     171
     173
     213
     176
     190
     161
     183
     162
     159
     166
     164
     172
     167
     161
     144
     190
     190
     173
     170
     168
     162
     157
     165
     171
     135
     197
     136
     182
     160
     176
     156
     154
     157
     178
     165
     142
     137
     134
     152
     127
     152
      90
      93
     108
     107
      94
      77
      77
      83
      67
      64
      61
      68
      68
      76
      67
      58
      59
      78
      69
      72
      60
      71
      63
      52
      57
      69
      73
      83
      83
      79
     110
     139
     182
     181
     270
     327
     439
     498
     647
     777
     934
     974
    1053
    1078
    1167
    1164
    1008
     886
     761
     661
     562
     454
     318
     224
     150
      96
      71
      36
      26
      13
      19
      10
       6
       7
       8
       5
       5
       4
       3
       6
       7
       3
       5
       5
       2
       2
       3
       3
       4
       6
       4
       2
       3
       6
       6
       4
      10
       6
       6
       8
       5
       1
       1
       3
       7
       4
       6
       2
       7
       5
      10
       6
       3
       2
       5
       2
       1
       4
       5
       2
       7
       3
       5
       3
       4
       5
       2
       3
       5
       3
       3
       4
       4
       1
       3
       1
       1
       4
       2
       3
       2
       5
       2
       4
       2
       4
       3
       0
       7
       4
       3
       2
       5
       3
       4
       2
       5
       4
       1
       1
       5
       2
       1
       3
       2
       3
       2
       2
       3
       4
       2
       1
       4
       2
       4
       5
       3
       1
       1
       1
       3
       3
       3
       3
       0
       3
       1
       1
       2
       1
       2
       0
       2
       1
       2
       2
       4
       2
       1
       3
       2
       1
       1
       4
       2
       2
       3
       1
       1
       3
       2
       0
       2
       6
       1
       1
       3
       8
       2
       4
       2
       2
       4
       3
       6
       5
       3
       1
       5
       3
       3
       3
       5
       5
       4
       4
       4
       2
       3
       2
       2
       1
       2
       1
       1
       1
       1
       0
       1
       0
       1
       3
       0
       1
       1
       1
       2
       0
       2
       0
       1
       1
       0
       1
       0
       1
       0
       0
       2
       0
       1
       2
       2
       1
       0
       0
       2
       0
       2
       1
       0
       2
       2
       1
       0
       0
       0
       0
       1
       0
       0
       2
       0
       0
       2
       0
       1
       1
       0
       1
       1
       2
       2
       0
       0
       0
       0
       1
       0
       1
       2
       0
       1
       0
       1
       0
       0
       1
       0
       0
       0
       0
       1
       1
       1
       0
       1
       0
       1
       1
       0
       1
       0
       0
       1
       1
       1
       1
       1
       1
       0
       0
       0
       0
       1
       0
       1
       0
       0
       0
       2
       0
       0
       0
       0
       0
       1
       0
       0
       0
       1
       0
       0
       0
       1
       0
       0
       0
       0
       2
       0
       0
       0
       1
       0
       2
       0
       3
       0
       0
       0
       0
       0
       0
       0
       0
       0
       0
       0
       0
       0
       0
       0
       0
       0
       0
       0
       0
       0
       0
       0
       0
       0
       0
       0
       0
       0
$ROI:
1
102 148
$PRESETS:
Live Time
300
0
$ENER_FIT:
0.000000 5.426229
$MCA_CAL:
3
0.000000E+000 5.426229E+000 0.000000E+000 keV
$SHAPE_CAL:
3
0.000000E+000 0.000000E+000 0.000000E+000
