$SPEC_ID:
PRAK02 Easy-MCA-2k SN
$SPEC_REM:
DET# 1
DETDESC# PRAK01 Easy-MCA-2k SN 15071856
AP# Maestro Version 7.01
$DATE_MEA:
01/17/2002 22:21:24
$MEAS_TIM:
300 301
$DATA:
0 511
       0
       0
       0
       0
       0
       0
       0
       0
       0
       0
       0
       0
       0
       0
       0
       0
       0
       1
      15
     107
      99
     117
     120
      96
      96
     146
     104
     123
     131
     138
     135
     138
     165
     158
     171
     161
     137
     183
     166
     160
     157
     143
     178
     168
     169
     180
     184
     197
     155
     169
     148
     175
     186
     175
     186
     162
     159
     143
     148
     131
     134
     136
     177
     159
     139
     155
     130
     132
     143
     159
     144
     126
     136
     120
     127
     122
     121
     122
     124
      98
     117
     124
     117
     130
     111
      92
     103
      96
      94
     119
     109
     125
     105
     138
     119
     117
     124
     116
     118
     108
     127
     109
     137
     120
     115
     101
     116
     104
     105
     114
     110
      98
      90
      81
      80
      81
      80
      72
      73
      53
      58
      73
      67
      40
      42
      40
      36
      46
      52
      39
      35
      40
      44
      50
      51
      47
      38
      40
      55
      50
      48
      49
      54
      72
      61
      62
      83
     125
     124
     210
     234
     292
     365
     443
     540
     598
     664
     704
     759
     705
     746
     708
     650
     518
     407
     351
     278
     231
     150
     112
      83
      57
      30
      17
      15
       6
      14
       3
       4
       6
       8
       5
       4
       5
       3
       2
       8
       5
       7
       6
       5
       7
       5
       3
       2
       5
       7
       8
       6
       1
       6
       3
       4
       9
       4
       4
      10
       6
       2
      11
       4
       1
       5
       1
       1
       5
       3
       2
       7
       5
       7
       6
       5
       5
       2
       2
       5
       5
       3
       5
       7
       2
       3
       2
       2
       4
       2
       5
       1
       2
       3
       3
       2
       2
       5
       1
       2
       3
       3
       4
       4
       2
       6
       2
       5
       5
       2
       3
       3
       4
       4
       2
       2
       4
       4
       4
       1
       3
       4
       1
       3
       2
       4
       3
       4
       5
       2
       1
       5
       1
       3
       3
       2
       3
       2
       4
       1
       1
       3
       1
       1
       1
       6
       3
       1
       2
       2
       1
       0
       1
       1
       3
       1
       2
       2
       1
       3
       2
       2
       2
       0
       2
       3
       0
       1
       3
       3
       1
       1
       2
       0
       4
       2
       2
       3
       2
       2
       2
       5
       3
       4
      10
       3
       7
       3
       0
       3
       7
       6
       3
       3
       0
       0
       1
       0
       1
       0
       1
       0
       0
       1
       2
       1
       3
       1
       0
       2
       1
       0
       1
       1
       1
       0
       0
       2
       1
       2
       2
       1
       0
       0
       1
       2
       1
       1
       0
       2
       1
       0
       0
       1
       1
       1
       1
       0
       1
       1
       1
       0
       1
       0
       0
       0
       0
       0
       1
       3
       1
       1
       1
       1
       1
       2
       0
       0
       1
       1
       3
       4
       0
       1
       1
       1
       0
       2
       0
       1
       1
       1
       0
       0
       0
       1
       0
       1
       1
       1
       0
       1
       2
       1
       0
       3
       0
       1
       1
       0
       0
       0
       0
       1
       0
       1
       0
       0
       0
       1
       0
       0
       1
       0
       1
       0
       0
       0
       0
       0
       0
       0
       0
       0
       0
       0
       1
       0
       0
       2
       1
       0
       0
       1
       1
       0
       0
       0
       1
       0
       1
       0
       0
       1
       1
       0
       0
       1
       0
       0
       0
       0
       0
       0
       0
       0
       0
       0
       0
       0
       0
       0
       0
       0
       0
       0
       0
       0
       0
       0
       0
       0
       0
       0
       0
$ROI:
1
102 148
$PRESETS:
Live Time
300
0
$ENER_FIT:
0.000000 5.426229
$MCA_CAL:
3
0.000000E+000 5.426229E+000 0.000000E+000 keV
$SHAPE_CAL:
3
0.000000E+000 0.000000E+000 0.000000E+000
