$SPEC_ID:
PRAK02 Easy-MCA-2k SN
$SPEC_REM:
DET# 1
DETDESC# PRAK01 Easy-MCA-2k SN 15071856
AP# Maestro Version 7.01
$DATE_MEA:
01/17/2002 22:15:52
$MEAS_TIM:
300 301
$DATA:
0 511
       0
       0
       0
       0
       0
       0
       0
       0
       0
       0
       0
       0
       0
       0
       0
       0
       0
       0
      15
      84
      91
      97
      98
      92
     104
     105
     108
     109
     103
      99
     108
     119
     129
     131
     146
     133
     153
     149
     149
     162
     162
     153
     159
     157
     156
     157
     166
     175
     143
     155
     163
     150
     153
     165
     153
     159
     159
     134
     149
     135
     135
     140
     142
     135
     118
     126
     158
     123
     116
     119
     120
     118
     116
     112
     113
     129
     109
     101
     134
      94
     105
     102
     107
     100
     115
     100
     113
      91
     114
      98
     100
      96
     111
      89
     100
     105
      95
     112
      87
     101
     104
     106
      89
     113
     104
     111
      85
      85
      97
      91
      96
      77
      89
      55
      56
      69
      63
      55
      52
      54
      50
      39
      34
      48
      51
      34
      33
      44
      43
      29
      39
      46
      26
      30
      32
      43
      45
      43
      47
      45
      43
      44
      35
      49
      46
      59
      82
     101
      96
     187
     200
     257
     320
     380
     456
     504
     578
     636
     612
     636
     636
     540
     512
     450
     358
     279
     229
     163
     121
      88
      48
      29
      25
      13
      13
      10
       6
       3
       5
       7
       3
       8
       5
       3
       5
       5
       4
       4
       9
       4
       8
       5
       7
       6
       4
       6
       3
       2
       3
       2
       8
       8
       5
       2
       5
       3
       5
       5
       5
       3
       3
       6
       4
       3
       5
       5
       5
       8
       3
       4
       6
       3
       3
       4
       5
       4
       3
       5
       4
       3
       3
       2
       5
       4
       4
       1
       3
       3
       4
       2
       3
       1
       2
       9
       6
       4
       2
       2
       2
       3
       5
       5
       3
       4
       5
       1
       1
       3
       3
       5
       2
       4
       4
       1
       3
       2
       3
       3
       1
       3
       3
       2
       4
       2
       2
       2
       2
       2
       3
       2
       1
       0
       3
       3
       2
       3
       2
       3
       7
       3
       4
       3
       1
       0
       1
       1
       3
       2
       3
       1
       3
       1
       3
       2
       1
       3
       0
       3
       1
       4
       2
       2
       3
       1
       3
       3
       1
       1
       1
       1
       2
       4
       2
       4
       2
       3
       4
       7
       3
       7
       5
       1
       6
       5
       3
       7
       4
       4
       5
       2
       2
       4
       5
       2
       1
       5
       2
       2
       2
       0
       0
       0
       0
       1
       1
       1
       3
       0
       0
       0
       1
       1
       2
       0
       0
       0
       1
       1
       2
       1
       0
       0
       0
       0
       0
       0
       0
       0
       0
       0
       0
       0
       0
       3
       0
       1
       1
       1
       1
       0
       0
       0
       3
       2
       0
       1
       2
       1
       0
       2
       2
       1
       1
       1
       0
       1
       1
       0
       0
       0
       1
       0
       0
       1
       1
       1
       1
       0
       0
       0
       2
       0
       0
       0
       1
       0
       0
       1
       0
       0
       0
       0
       2
       1
       0
       0
       2
       0
       1
       1
       0
       0
       0
       0
       0
       0
       0
       0
       0
       0
       0
       0
       0
       0
       0
       0
       0
       1
       0
       0
       0
       0
       0
       0
       0
       0
       0
       0
       0
       0
       0
       1
       1
       0
       0
       0
       0
       0
       1
       1
       0
       2
       0
       0
       2
       0
       0
       0
       0
       0
       0
       0
       0
       0
       0
       0
       0
       0
       0
       0
       0
       0
       0
       0
       0
       0
       0
       0
       0
       0
       0
       0
$ROI:
1
102 148
$PRESETS:
Live Time
300
0
$ENER_FIT:
0.000000 5.426229
$MCA_CAL:
3
0.000000E+000 5.426229E+000 0.000000E+000 keV
$SHAPE_CAL:
3
0.000000E+000 0.000000E+000 0.000000E+000
