$SPEC_ID:
PRAK02 Easy-MCA-2k SN
$SPEC_REM:
DET# 1
DETDESC# PRAK01 Easy-MCA-2k SN 15071856
AP# Maestro Version 7.01
$DATE_MEA:
01/17/2002 22:27:55
$MEAS_TIM:
300 302
$DATA:
0 511
       0
       0
       0
       0
       0
       0
       0
       0
       0
       0
       0
       1
       0
       1
       0
       0
       0
       0
      54
     347
     461
     398
     400
     389
     433
     377
     430
     443
     445
     440
     464
     462
     477
     514
     525
     515
     530
     527
     514
     533
     559
     569
     580
     583
     559
     566
     573
     584
     591
     605
     677
     620
     621
     637
     655
     612
     572
     596
     552
     627
     586
     579
     549
     586
     564
     511
     521
     531
     519
     560
     514
     525
     484
     520
     509
     501
     488
     465
     472
     501
     433
     492
     495
     513
     461
     454
     483
     454
     477
     485
     494
     442
     548
     536
     532
     447
     479
     476
     465
     484
     504
     497
     490
     521
     546
     554
     505
     456
     511
     509
     451
     466
     417
     355
     378
     368
     340
     294
     243
     251
     249
     248
     206
     215
     222
     207
     193
     234
     194
     194
     217
     169
     197
     167
     180
     215
     201
     204
     206
     210
     223
     216
     245
     230
     265
     275
     351
     464
     576
     698
     928
    1282
    1543
    1947
    2246
    2579
    2956
    3243
    3277
    3283
    3268
    3200
    2764
    2472
    2066
    1682
    1296
     941
     693
     455
     327
     217
      99
      94
      44
      25
      18
      15
       4
       4
       9
       6
       6
       7
       7
       3
       7
       6
       6
       5
       3
       7
       2
       1
       6
       3
       6
       6
       3
       5
       6
       4
       4
       8
       8
       3
       5
       6
       4
       7
       5
       3
       4
       6
       2
       8
       6
       6
       4
       3
       8
       5
       3
       4
       5
       2
       4
       5
       6
       5
       1
       5
       4
       4
       1
       3
       3
       2
       5
       2
       1
       6
       3
       5
       5
       4
       2
       6
       4
       5
       4
       0
       3
       1
       1
       1
       1
       3
       3
       5
       1
       2
       2
       4
       1
       5
       2
       3
       2
       2
       4
       4
       2
       2
       4
       3
       2
       1
       4
       3
       6
       4
       1
       4
       2
       3
       1
       2
       1
       2
       1
       2
       3
       1
       0
       0
       1
       3
       2
       1
       1
       0
       1
       0
       1
       0
       2
       0
       0
       2
       1
       0
       0
       1
       2
       1
       5
       1
       1
       2
       2
       1
       2
       5
       3
       1
       5
       6
       5
       3
       2
       2
       2
       2
       5
       1
       1
       3
       2
       2
       2
       2
       1
       1
       3
       2
       2
       0
       2
       3
       2
       1
       0
       1
       1
       2
       1
       0
       1
       0
       1
       1
       1
       3
       0
       1
       1
       1
       0
       0
       1
       1
       0
       0
       1
       1
       3
       1
       1
       0
       0
       2
       0
       0
       2
       0
       3
       1
       0
       1
       1
       1
       0
       0
       0
       3
       1
       1
       1
       2
       0
       2
       1
       3
       0
       0
       0
       1
       1
       1
       0
       0
       0
       1
       1
       0
       0
       1
       1
       0
       1
       0
       1
       1
       0
       1
       0
       2
       1
       0
       0
       1
       1
       1
       0
       0
       0
       0
       0
       0
       0
       1
       0
       0
       2
       0
       0
       1
       0
       1
       0
       0
       1
       1
       0
       0
       0
       3
       0
       0
       0
       0
       0
       1
       2
       0
       0
       0
       0
       0
       0
       1
       0
       0
       0
       0
       0
       0
       1
       1
       0
       0
       0
       1
       0
       0
       0
       0
       0
       0
       0
       0
       0
       0
       0
       0
       0
       0
       0
       0
       0
       0
       0
       0
       0
       0
       0
       0
       0
       0
       0
       0
$ROI:
1
102 148
$PRESETS:
Live Time
300
0
$ENER_FIT:
0.000000 5.426229
$MCA_CAL:
3
0.000000E+000 5.426229E+000 0.000000E+000 keV
$SHAPE_CAL:
3
0.000000E+000 0.000000E+000 0.000000E+000
