$SPEC_ID:
PRAK02 Easy-MCA-2k SN
$SPEC_REM:
DET# 1
DETDESC# PRAK01 Easy-MCA-2k SN 15071856
AP# Maestro Version 7.01
$DATE_MEA:
01/17/2002 22:03:48
$MEAS_TIM:
300 301
$DATA:
0 511
       0
       0
       0
       0
       0
       0
       0
       0
       1
       0
       0
       0
       1
       0
       0
       0
       0
       0
      22
     113
     144
     138
     145
     137
     148
     162
     177
     163
     156
     176
     182
     174
     176
     202
     217
     182
     186
     186
     208
     184
     218
     235
     227
     212
     206
     244
     227
     245
     208
     240
     252
     230
     237
     224
     233
     236
     219
     219
     217
     219
     226
     192
     204
     206
     178
     208
     174
     209
     204
     165
     164
     186
     172
     173
     167
     196
     175
     173
     127
     156
     174
     179
     135
     171
     173
     188
     172
     163
     160
     145
     160
     169
     157
     150
     162
     158
     155
     149
     159
     171
     162
     170
     158
     153
     166
     159
     170
     175
     135
     180
     156
     165
     142
     136
     118
     122
     108
     100
      86
      81
      88
      73
      78
      79
      61
      60
      73
      71
      50
      63
      75
      55
      70
      69
      76
      77
      60
      59
      69
      71
      72
      84
      77
     110
      94
     103
     141
     153
     221
     247
     337
     462
     528
     685
     766
     955
    1023
    1078
    1092
    1090
    1069
    1032
     897
     745
     669
     524
     432
     292
     221
     145
      96
      52
      48
      19
      20
      13
       8
      12
       6
       3
       6
       3
       7
       1
      10
       4
       4
       6
       4
       4
       5
       6
       6
       5
       3
       4
       3
       3
       4
       5
       2
       7
       5
       1
       6
       5
       5
       3
       5
       6
       3
       3
       4
       3
       4
       9
       5
       4
       3
       3
       4
       6
       7
       7
       1
       1
       3
       3
       4
       7
       6
       3
       5
       1
       4
       0
       2
       1
       4
       2
       3
       1
       4
       6
       1
       4
       2
       1
       2
       5
       2
       4
       4
       4
       4
       1
       1
       7
       2
       6
       4
       3
       0
       2
       3
       5
       4
       5
       5
       3
       2
       2
       7
       2
       4
       3
       4
       1
       3
       3
       2
       0
       5
       2
       2
       2
       1
       1
       4
       0
       2
       2
       1
       3
       2
       3
       2
       4
       1
       0
       2
       1
       1
       3
       0
       2
       0
       0
       1
       5
       1
       1
       0
       2
       0
       4
       4
       3
       1
       0
       1
       1
       4
       3
       1
       3
       3
       4
       3
       2
       1
       1
       7
       5
       3
       6
       2
       3
       3
       4
       1
       3
       2
       5
       0
       2
       6
       3
       2
       0
       1
       1
       0
       2
       1
       1
       1
       2
       1
       0
       0
       1
       1
       0
       0
       0
       0
       2
       1
       0
       1
       0
       1
       0
       0
       0
       1
       2
       0
       1
       1
       0
       0
       1
       1
       0
       3
       0
       0
       0
       0
       2
       0
       1
       0
       2
       2
       1
       2
       0
       0
       0
       1
       1
       1
       1
       1
       0
       0
       0
       1
       1
       0
       0
       0
       0
       0
       0
       1
       0
       0
       0
       0
       0
       0
       1
       0
       1
       1
       0
       0
       1
       1
       0
       1
       0
       0
       0
       0
       0
       0
       0
       0
       0
       0
       0
       0
       0
       1
       0
       0
       1
       0
       0
       0
       1
       0
       1
       0
       1
       0
       0
       0
       1
       0
       0
       1
       0
       0
       3
       0
       0
       2
       0
       1
       0
       0
       0
       0
       0
       0
       0
       0
       1
       1
       1
       0
       0
       0
       0
       0
       0
       0
       0
       0
       0
       0
       0
       0
       0
       0
       0
       0
       0
       0
       0
       0
       0
       0
       0
       0
       0
$ROI:
1
102 148
$PRESETS:
Live Time
300
0
$ENER_FIT:
0.000000 5.426229
$MCA_CAL:
3
0.000000E+000 5.426229E+000 0.000000E+000 keV
$SHAPE_CAL:
3
0.000000E+000 0.000000E+000 0.000000E+000
