$SPEC_ID:
PRAK02 Easy-MCA-2k SN
$SPEC_REM:
DET# 1
DETDESC# PRAK01 Easy-MCA-2k SN 15071856
AP# Maestro Version 7.01
$DATE_MEA:
01/17/2002 22:33:14
$MEAS_TIM:
300 301
$DATA:
0 511
       0
       0
       0
       0
       0
       0
       0
       0
       0
       0
       0
       0
       0
       0
       0
       0
       0
       0
      30
      78
      52
      49
      46
      56
      66
      57
      66
      49
      72
      64
      66
      81
      99
      77
     101
      97
     107
      91
     119
     114
     114
     120
     114
     104
     107
     104
     114
     109
     127
     107
     100
      91
      86
     109
      94
     100
     100
     111
      78
      86
      83
      88
      99
      88
      85
      80
      88
      83
      75
      89
      65
      97
      72
      84
      80
      69
      63
      68
      74
      53
      67
      66
      60
      67
      51
      54
      61
      48
      57
      52
      72
      59
      61
      54
      62
      51
      50
      48
      59
      43
      41
      46
      52
      48
      31
      53
      45
      53
      41
      56
      46
      41
      39
      39
      33
      32
      35
      41
      37
      27
      26
      23
      19
      24
      26
      29
      21
      19
      20
      20
      25
      25
      17
      28
      21
      16
      33
      29
      24
      28
      29
      31
      23
      30
      38
      41
      52
      48
      60
      58
      68
      87
     126
     144
     159
     188
     219
     204
     219
     195
     197
     213
     163
     130
     126
      93
      78
      52
      31
      24
      24
      17
       9
       6
       6
       6
       3
       6
       7
       6
       7
       5
       6
       7
       9
       5
       0
       2
       5
      10
       2
       6
       1
       4
       4
      10
       5
       7
       6
       6
       3
       5
       5
       5
       4
       3
       3
       5
       5
       6
       4
       6
       6
       5
       9
       7
       6
       7
       5
       2
       5
       3
       3
       3
       5
       4
       3
       2
       4
       1
       5
       4
       8
       2
       4
       3
       2
       2
       4
       3
       2
       6
       4
       2
       1
       5
       5
       2
       3
       2
       6
       1
       3
       2
       2
       6
       2
       1
       3
       3
       4
       3
       3
       3
       5
       0
       5
       4
       2
       2
       2
       2
       5
       1
       3
       2
       1
       2
       6
       4
       3
       2
       2
       6
       1
       2
       2
       4
       2
       3
       1
       5
       2
       1
       1
       0
       2
       4
       0
       1
       0
       2
       2
       0
       2
       2
       1
       1
       0
       1
       0
       2
       1
       1
       5
       2
       3
       2
       1
       4
       1
       2
       0
       1
       1
       5
       2
       3
       4
       2
       2
       5
       6
       3
       4
       7
       5
       3
       3
       4
       4
       2
       4
       4
       5
       2
       1
       1
       0
       0
       3
       0
       0
       0
       2
       1
       0
       0
       1
       0
       0
       1
       1
       0
       0
       0
       2
       1
       1
       2
       2
       1
       3
       0
       3
       1
       0
       3
       0
       1
       0
       1
       0
       1
       0
       1
       1
       2
       1
       1
       0
       0
       1
       1
       1
       1
       0
       0
       0
       1
       0
       1
       1
       1
       2
       0
       1
       2
       0
       1
       1
       0
       0
       2
       1
       1
       2
       0
       0
       0
       0
       0
       0
       0
       1
       0
       0
       0
       0
       1
       0
       1
       0
       0
       0
       2
       0
       0
       0
       1
       1
       0
       0
       0
       1
       0
       0
       0
       0
       1
       0
       0
       1
       0
       0
       1
       0
       1
       0
       1
       1
       0
       0
       0
       0
       0
       0
       1
       0
       1
       0
       1
       0
       1
       0
       0
       1
       0
       0
       2
       2
       1
       1
       0
       0
       0
       0
       0
       0
       0
       0
       0
       0
       0
       0
       0
       0
       0
       0
       0
       0
       0
       0
       0
       0
       0
       0
       0
       0
       0
       0
       0
$ROI:
1
102 148
$PRESETS:
Live Time
300
0
$ENER_FIT:
0.000000 5.426229
$MCA_CAL:
3
0.000000E+000 5.426229E+000 0.000000E+000 keV
$SHAPE_CAL:
3
0.000000E+000 0.000000E+000 0.000000E+000
