$SPEC_ID:
PRAK02 Easy-MCA-2k SN
$SPEC_REM:
DET# 1
DETDESC# PRAK01 Easy-MCA-2k SN 15071856
AP# Maestro Version 7.01
$DATE_MEA:
01/17/2002 20:07:47
$MEAS_TIM:
300 302
$DATA:
0 511
       0
       0
       0
       0
       0
       0
       0
       3
       7
      31
      78
     211
     288
     458
     535
     544
     596
     520
     527
     648
     617
     578
     528
     489
     465
     487
     482
     470
     493
     502
     439
     506
     486
     504
     537
     547
     569
     591
     538
     587
     574
     602
     600
     579
     630
     606
     620
     624
     654
     730
     657
     710
     696
     742
     696
     684
     615
     687
     602
     644
     634
     669
     625
     645
     620
     612
     568
     571
     569
     558
     594
     589
     562
     534
     511
     474
     564
     583
     521
     576
     518
     556
     510
     522
     516
     547
     511
     522
     525
     537
     541
     534
     512
     497
     547
     515
     519
     492
     542
     512
     507
     561
     564
     519
     551
     545
     527
     528
     551
     500
     455
     499
     452
     429
     422
     362
     326
     292
     307
     270
     278
     266
     226
     220
     203
     180
     222
     213
     194
     220
     187
     203
     199
     232
     186
     212
     218
     204
     220
     236
     227
     217
     267
     261
     313
     307
     389
     516
     655
     804
    1083
    1403
    1701
    2051
    2465
    2692
    3158
    3403
    3596
    3566
    3416
    3238
    2885
    2482
    2036
    1722
    1280
    1004
     730
     467
     321
     208
     122
      70
      44
      31
       8
      10
       5
       3
      13
      12
       9
       5
       8
       5
       8
      10
       3
       8
       7
       5
       6
       7
       2
       5
       4
       5
       2
       4
       3
       2
       5
       5
       3
       5
       8
       5
       3
       7
       5
       7
       4
       3
       5
       4
       6
       5
       7
       6
       4
       7
       5
       1
       2
       5
       7
       7
       0
       7
       2
       4
       5
      11
       4
       3
       2
       5
       6
       3
       4
       2
       4
       4
       2
       2
       4
       4
       1
       1
       5
       7
       7
       2
       5
       5
       4
       2
       3
       4
       5
       4
       3
       4
       2
       3
       0
       2
       4
       7
       2
       4
       3
       4
       5
       3
       3
       3
       5
       1
       0
       3
       4
       2
       1
       1
       0
       2
       1
       1
       2
       3
       3
       2
       1
       3
       2
       1
       2
       2
       1
       0
       2
       2
       3
       3
       4
       2
       2
       3
       2
       0
       1
       1
       2
       0
       1
       1
       1
       2
       7
       0
       3
       5
       4
       1
       4
       4
       4
       4
       7
       6
       4
       7
       4
       4
       3
      10
       2
       4
       4
       1
       7
       1
       3
       4
       1
       0
       0
       1
       2
       2
       1
       1
       1
       3
       0
       1
       1
       0
       1
       2
       1
       0
       1
       0
       0
       1
       0
       0
       1
       1
       0
       0
       1
       0
       0
       0
       0
       0
       1
       0
       0
       0
       2
       1
       1
       0
       0
       0
       0
       1
       0
       0
       1
       0
       0
       0
       1
       0
       0
       1
       0
       0
       1
       0
       0
       0
       1
       0
       0
       0
       1
       0
       0
       0
       1
       0
       1
       0
       1
       0
       1
       1
       0
       0
       0
       0
       0
       0
       0
       0
       0
       0
       0
       1
       0
       0
       0
       0
       0
       0
       0
       2
       1
       0
       1
       1
       1
       0
       1
       1
       1
       1
       0
       0
       0
       1
       0
       0
       0
       1
       0
       1
       0
       0
       0
       1
       0
       1
       1
       0
       1
       0
       0
       1
       0
       0
       0
       0
       0
       1
       0
       0
       0
       0
       0
       0
       0
       0
       0
       0
       0
       0
       0
       0
       0
       0
       0
       0
       0
       0
       0
       0
       0
       0
       0
       0
       0
       0
       0
       0
$ROI:
1
102 148
$PRESETS:
Live Time
300
0
$ENER_FIT:
0.000000 5.426229
$MCA_CAL:
3
0.000000E+000 5.426229E+000 0.000000E+000 keV
$SHAPE_CAL:
3
0.000000E+000 0.000000E+000 0.000000E+000
