$SPEC_ID:
PRAK02 Easy-MCA-2k SN
$SPEC_REM:
DET# 1
DETDESC# PRAK01 Easy-MCA-2k SN 15071856
AP# Maestro Version 7.01
$DATE_MEA:
01/17/2002 19:50:16
$MEAS_TIM:
300 301
$DATA:
0 511
       0
       0
       0
       0
       0
       0
       0
       1
       5
      49
     138
     262
     353
     495
     615
     702
     587
     604
     550
     746
     697
     556
     537
     485
     466
     451
     461
     486
     446
     489
     476
     491
     575
     515
     522
     527
     577
     556
     606
     553
     576
     572
     591
     617
     631
     616
     685
     681
     689
     722
     708
     724
     681
     688
     693
     693
     653
     667
     657
     643
     640
     596
     556
     555
     550
     598
     589
     591
     580
     568
     586
     554
     523
     539
     554
     509
     511
     555
     539
     496
     517
     541
     538
     509
     486
     508
     573
     497
     466
     528
     554
     527
     534
     537
     545
     549
     533
     508
     544
     526
     519
     501
     515
     528
     471
     530
     526
     502
     497
     488
     445
     420
     408
     330
     337
     317
     303
     260
     246
     241
     227
     205
     217
     208
     210
     187
     221
     210
     186
     212
     202
     204
     218
     192
     217
     197
     226
     223
     254
     268
     297
     381
     397
     502
     639
     757
     937
    1093
    1368
    1669
    1962
    2301
    2580
    2997
    3140
    3251
    3276
    3232
    3051
    2748
    2461
    2029
    1757
    1360
    1028
     742
     559
     402
     238
     163
     110
      59
      32
      33
       8
       7
       6
       3
       2
       9
       2
       4
       5
       1
       7
       8
       5
       4
       6
       2
       0
       3
       3
      10
       3
       6
       5
       4
       5
       5
       4
       6
       4
       6
       9
       2
       3
       9
       5
       7
       2
       6
       3
       4
       1
       5
       4
       3
       2
       4
       7
       5
       3
       4
       5
       3
       4
       6
       3
       2
       4
       4
       1
       3
       4
       4
       6
       4
       3
       2
       1
       3
       3
       1
       4
       5
       2
       4
       2
       5
       3
       0
       4
       4
       2
       2
       6
       5
       3
       2
       2
       3
       5
       3
       2
       3
       4
       3
       4
       2
       3
       4
       7
       1
       1
       2
       6
       2
       3
       1
       5
       3
       7
       0
       4
       4
       3
       2
       2
       5
       0
       2
       1
       3
       3
       1
       2
       1
       2
       0
       1
       6
       1
       0
       3
       3
       3
       0
       3
       2
       2
       0
       2
       1
       0
       2
       1
       2
       3
       3
       5
       5
       6
       2
       2
       3
       3
       5
       4
       5
       1
       5
       5
       4
       1
       4
       2
       4
       1
       3
       1
       1
       3
       1
       4
       1
       4
       1
       0
       0
       2
       1
       1
       3
       0
       0
       1
       0
       1
       0
       3
       3
       0
       0
       0
       2
       1
       1
       0
       0
       0
       0
       1
       1
       1
       0
       0
       0
       1
       1
       1
       2
       0
       0
       2
       0
       0
       0
       0
       0
       0
       1
       1
       2
       0
       2
       1
       2
       2
       1
       1
       0
       0
       3
       0
       2
       1
       0
       1
       0
       0
       2
       1
       0
       0
       0
       0
       1
       0
       0
       0
       0
       0
       0
       1
       0
       1
       1
       0
       0
       0
       0
       0
       0
       2
       0
       0
       0
       0
       1
       1
       0
       1
       0
       0
       1
       0
       0
       0
       0
       1
       1
       2
       0
       0
       2
       0
       0
       1
       0
       0
       0
       0
       0
       0
       1
       0
       0
       0
       0
       0
       0
       0
       0
       1
       0
       1
       2
       2
       0
       0
       0
       0
       0
       0
       0
       0
       0
       0
       0
       0
       0
       0
       0
       0
       0
       0
       0
       0
       0
       0
       0
       0
       0
       0
       0
       0
       0
       0
       0
       0
       0
$ROI:
1
102 148
$PRESETS:
Live Time
300
0
$ENER_FIT:
0.000000 5.426229
$MCA_CAL:
3
0.000000E+000 5.426229E+000 0.000000E+000 keV
$SHAPE_CAL:
3
0.000000E+000 0.000000E+000 0.000000E+000
