$SPEC_ID:
PRAK02 Easy-MCA-2k SN
$SPEC_REM:
DET# 1
DETDESC# PRAK01 Easy-MCA-2k SN 15071856
AP# Maestro Version 7.01
$DATE_MEA:
01/17/2002 20:19:40
$MEAS_TIM:
300 302
$DATA:
0 511
       0
       0
       0
       0
       0
       0
       0
       0
       9
      35
      82
     203
     328
     450
     534
     617
     606
     563
     553
     819
     668
     588
     493
     468
     453
     452
     427
     430
     443
     470
     470
     487
     497
     535
     550
     524
     547
     515
     517
     523
     566
     567
     583
     578
     553
     562
     594
     612
     652
     618
     651
     622
     693
     692
     608
     668
     636
     646
     599
     565
     611
     556
     600
     591
     572
     550
     574
     554
     537
     553
     544
     535
     529
     509
     557
     543
     524
     519
     484
     479
     519
     498
     474
     506
     471
     512
     508
     489
     471
     535
     497
     527
     497
     511
     516
     495
     482
     463
     520
     553
     497
     547
     522
     527
     529
     523
     485
     502
     491
     480
     473
     445
     440
     413
     353
     338
     319
     286
     280
     263
     222
     224
     240
     193
     209
     221
     186
     206
     178
     202
     214
     191
     199
     200
     202
     183
     198
     198
     210
     214
     207
     233
     191
     260
     281
     307
     413
     453
     590
     771
    1030
    1268
    1591
    2006
    2220
    2722
    2927
    3302
    3337
    3404
    3372
    3089
    2742
    2516
    2112
    1603
    1320
     942
     678
     481
     323
     183
     132
      74
      44
      22
      18
      15
       7
       7
       5
       3
       9
       5
       9
       4
       2
      10
       3
       0
       2
       7
       3
       3
       8
       5
       3
       4
       4
       7
       3
       4
       6
       5
       5
       3
       5
       5
      11
       4
       3
       3
       4
       1
       8
       6
       6
       5
       3
       1
       4
       5
       7
       2
       6
       4
       1
       6
       3
       7
       5
       3
       7
       3
       3
       4
       6
       5
       1
       4
       2
       3
       3
       4
       2
       4
       3
       2
       2
       3
       3
       2
       3
       3
       3
       5
       0
       2
       5
       5
       8
       2
       2
       5
       6
       5
       2
       4
       1
       3
       2
       7
       4
       2
       3
       3
       2
       2
       3
       1
       1
       3
       3
       2
       3
       0
       5
       1
       3
       2
       1
       4
       2
       1
       1
       4
       0
       0
       2
       3
       1
       3
       2
       1
       0
       3
       1
       2
       3
       1
       1
       3
       2
       1
       1
       2
       2
       0
       2
       2
       5
       2
       3
       4
       4
       2
       3
       4
       1
       3
       3
       3
       3
       2
       2
       3
       0
       3
       1
       4
       4
       4
       1
       2
       4
       2
       3
       0
       1
       1
       0
       1
       3
       1
       2
       1
       2
       0
       2
       2
       0
       2
       1
       0
       1
       0
       0
       0
       0
       0
       1
       3
       0
       0
       1
       1
       0
       0
       0
       0
       0
       0
       0
       1
       0
       1
       0
       0
       1
       0
       1
       1
       0
       2
       2
       1
       0
       0
       0
       0
       0
       0
       0
       1
       0
       1
       1
       0
       0
       0
       0
       1
       3
       1
       0
       2
       1
       0
       2
       0
       0
       0
       1
       1
       0
       0
       1
       0
       1
       1
       0
       0
       0
       2
       0
       0
       0
       1
       0
       0
       1
       0
       0
       0
       0
       1
       0
       0
       0
       0
       0
       0
       1
       0
       1
       1
       0
       2
       0
       0
       0
       1
       0
       0
       0
       0
       0
       0
       0
       0
       1
       0
       0
       0
       1
       1
       0
       1
       1
       0
       1
       1
       1
       0
       0
       0
       0
       0
       0
       0
       0
       0
       0
       0
       0
       0
       0
       0
       0
       0
       0
       0
       0
       0
       0
       0
       0
       0
       0
       0
       0
       0
$ROI:
1
102 148
$PRESETS:
Live Time
300
0
$ENER_FIT:
0.000000 5.426229
$MCA_CAL:
3
0.000000E+000 5.426229E+000 0.000000E+000 keV
$SHAPE_CAL:
3
0.000000E+000 0.000000E+000 0.000000E+000
