$SPEC_ID:
PRAK02 Easy-MCA-2k SN
$SPEC_REM:
DET# 1
DETDESC# PRAK01 Easy-MCA-2k SN 15071856
AP# Maestro Version 7.01
$DATE_MEA:
01/17/2002 19:32:29
$MEAS_TIM:
300 302
$DATA:
0 511
       0
       0
       0
       1
       0
       0
       0
       1
      10
      38
     103
     228
     364
     532
     608
     663
     680
     674
     611
     856
     767
     664
     475
     503
     453
     450
     462
     495
     487
     525
     519
     510
     564
     519
     574
     575
     568
     563
     557
     546
     611
     634
     589
     602
     628
     638
     630
     636
     668
     767
     701
     725
     705
     717
     702
     695
     751
     692
     626
     682
     636
     620
     684
     611
     589
     630
     595
     560
     597
     547
     595
     551
     555
     557
     539
     517
     544
     549
     580
     560
     547
     570
     543
     585
     493
     571
     520
     520
     535
     519
     518
     542
     505
     585
     564
     559
     571
     569
     524
     570
     573
     572
     547
     548
     528
     547
     592
     545
     522
     530
     529
     509
     450
     435
     400
     389
     367
     327
     313
     284
     266
     237
     210
     214
     245
     264
     224
     242
     217
     198
     185
     208
     182
     215
     185
     210
     212
     217
     219
     229
     242
     223
     249
     285
     316
     374
     445
     549
     712
     891
    1107
    1455
    1904
    2239
    2639
    3026
    3314
    3531
    3608
    3657
    3343
    3133
    2959
    2437
    1928
    1574
    1166
     925
     612
     433
     279
     163
      97
      62
      40
      21
      10
       7
       6
       6
       8
       8
       2
       8
       4
       2
       4
       3
       5
       9
       5
       3
       4
       3
       6
       1
       0
       3
       9
       4
       2
       7
       1
       6
       6
       9
       6
       5
       4
       2
       4
       8
       7
       5
       5
       4
       5
       9
       5
       3
       5
       4
       4
       7
       2
       8
       4
       7
       2
       3
       6
       2
       4
       4
       6
       4
       5
       5
       4
       3
       1
       5
       3
       4
       3
       2
       3
       1
       1
       4
       3
       3
       2
       3
       2
       4
       3
       6
       2
       2
       5
       6
       4
       2
       6
       3
       6
       2
       1
       5
       2
       1
       4
       2
       1
       1
       4
       3
       1
       3
       2
       1
       1
       1
       3
       0
       1
       2
       1
       2
       2
       1
       2
       2
       1
       2
       1
       0
       2
       1
       0
       2
       1
       0
       2
       1
       1
       3
       4
       1
       0
       1
       0
       0
       1
       1
       0
       3
       0
       1
       5
       4
       1
       4
       2
       4
       3
       4
       4
       3
       5
       4
       4
       2
       5
       6
       4
       3
       4
       3
       3
       5
       0
       4
       2
       0
       1
       2
       1
       4
       1
       1
       0
       2
       2
       2
       1
       1
       0
       1
       2
       2
       2
       1
       0
       0
       0
       0
       0
       2
       0
       1
       1
       0
       1
       1
       1
       0
       3
       0
       0
       1
       1
       0
       0
       1
       1
       0
       0
       1
       1
       2
       0
       0
       0
       1
       2
       0
       0
       0
       1
       0
       0
       2
       2
       0
       0
       0
       1
       0
       0
       1
       0
       0
       0
       1
       1
       1
       2
       0
       2
       0
       0
       0
       1
       1
       0
       1
       0
       0
       0
       0
       0
       1
       0
       0
       0
       0
       0
       1
       0
       2
       1
       0
       0
       0
       2
       1
       2
       0
       0
       0
       0
       0
       1
       0
       1
       1
       0
       0
       0
       2
       1
       0
       0
       0
       0
       1
       1
       0
       1
       0
       1
       0
       0
       0
       0
       0
       0
       0
       0
       0
       0
       0
       0
       0
       0
       0
       0
       0
       0
       0
       0
       0
       0
       0
       0
       0
       0
       0
       0
       0
       0
       0
       0
       0
       0
       0
       0
       0
       0
       0
$ROI:
1
102 148
$PRESETS:
Live Time
300
0
$ENER_FIT:
0.000000 5.426229
$MCA_CAL:
3
0.000000E+000 5.426229E+000 0.000000E+000 keV
$SHAPE_CAL:
3
0.000000E+000 0.000000E+000 0.000000E+000
