$SPEC_ID:
PRAK02 Easy-MCA-2k SN
$SPEC_REM:
DET# 1
DETDESC# PRAK01 Easy-MCA-2k SN 15071856
AP# Maestro Version 7.01
$DATE_MEA:
01/17/2002 20:01:13
$MEAS_TIM:
300 302
$DATA:
0 511
       0
       0
       0
       0
       0
       0
       0
       1
       9
      50
     169
     265
     401
     472
     639
     676
     686
     565
     528
     749
     717
     613
     563
     444
     489
     413
     460
     467
     477
     440
     489
     512
     540
     550
     488
     513
     573
     538
     604
     509
     566
     552
     567
     615
     582
     665
     627
     672
     638
     641
     712
     697
     712
     671
     659
     642
     654
     712
     669
     590
     617
     631
     612
     652
     590
     601
     609
     535
     587
     529
     557
     577
     587
     542
     536
     551
     494
     474
     529
     488
     514
     512
     519
     481
     491
     571
     511
     509
     524
     510
     521
     488
     536
     532
     538
     542
     512
     532
     535
     496
     531
     507
     490
     565
     529
     570
     545
     535
     515
     503
     480
     459
     443
     419
     370
     356
     320
     266
     292
     267
     233
     250
     222
     190
     218
     215
     209
     197
     201
     211
     230
     197
     154
     197
     203
     194
     206
     199
     210
     216
     237
     237
     229
     269
     281
     339
     340
     485
     614
     813
    1058
    1247
    1629
    2037
    2369
    2755
    3155
    3220
    3548
    3500
    3530
    3179
    2937
    2594
    2258
    1689
    1366
    1058
     740
     478
     306
     240
     123
      83
      52
      25
      15
      11
      10
      10
       3
       1
       6
       4
       9
       7
       5
       4
       8
       4
       3
       3
       8
       5
       3
       3
       1
       3
       7
       3
       8
       2
       2
       5
       1
       5
       4
       4
       3
      11
       8
       6
       5
       2
       1
       8
       6
       5
       7
       4
       7
       2
       2
       3
       6
       2
       4
       3
       4
       1
       3
       0
       3
       0
       3
       4
       2
       2
       1
       1
       5
       2
       2
       6
       3
       2
       3
       3
       3
       3
       6
       4
       3
       3
       2
       4
       4
       5
       4
       3
       1
       1
       5
       6
       6
       2
       2
       4
       2
       1
       2
       5
       5
       2
       4
       4
       3
       5
       4
       4
       6
       0
       0
       3
       0
       3
       1
       2
       2
       1
       5
       3
       2
       4
       1
       4
       0
       0
       0
       1
       1
       0
       2
       1
       2
       2
       3
       4
       2
       2
       2
       2
       4
       1
       0
       1
       1
       2
       4
       0
       4
       2
       2
       0
       3
       1
       2
       2
       0
       5
       6
       3
       2
       2
       2
       5
       3
       4
       7
       2
       3
       4
       3
       4
       3
       3
       2
       3
       2
       0
       0
       1
       2
       0
       1
       0
       0
       1
       2
       1
       2
       1
       0
       1
       3
       0
       0
       1
       0
       0
       3
       0
       2
       0
       1
       0
       0
       1
       0
       0
       1
       0
       1
       0
       1
       1
       1
       0
       1
       0
       0
       1
       0
       0
       0
       0
       0
       0
       2
       1
       2
       0
       0
       1
       0
       0
       1
       0
       0
       1
       0
       0
       0
       0
       0
       0
       1
       0
       0
       0
       0
       1
       0
       0
       0
       1
       1
       0
       0
       2
       0
       1
       3
       2
       0
       0
       1
       0
       0
       1
       0
       1
       0
       0
       0
       0
       0
       0
       0
       2
       0
       0
       1
       0
       1
       0
       0
       0
       0
       0
       0
       0
       0
       1
       1
       1
       0
       0
       1
       1
       0
       0
       0
       0
       0
       0
       1
       0
       1
       0
       1
       0
       0
       1
       0
       0
       0
       0
       0
       0
       0
       0
       0
       0
       0
       0
       0
       0
       0
       0
       0
       0
       0
       0
       0
       0
       0
       0
       0
       0
       0
       0
$ROI:
1
102 148
$PRESETS:
Live Time
300
0
$ENER_FIT:
0.000000 5.426229
$MCA_CAL:
3
0.000000E+000 5.426229E+000 0.000000E+000 keV
$SHAPE_CAL:
3
0.000000E+000 0.000000E+000 0.000000E+000
