$SPEC_ID:
PRAK02 Easy-MCA-2k SN
$SPEC_REM:
DET# 1
DETDESC# PRAK01 Easy-MCA-2k SN 15071856
AP# Maestro Version 7.01
$DATE_MEA:
01/17/2002 19:43:12
$MEAS_TIM:
300 301
$DATA:
0 511
       0
       0
       0
       0
       0
       0
       1
       2
       5
      46
     134
     242
     391
     558
     599
     715
     728
     624
     590
     805
     692
     651
     516
     468
     472
     443
     446
     466
     460
     461
     484
     475
     511
     520
     452
     532
     552
     531
     526
     546
     537
     549
     610
     545
     611
     607
     597
     607
     634
     670
     680
     652
     654
     617
     665
     647
     617
     628
     668
     613
     613
     614
     611
     612
     558
     591
     581
     521
     559
     549
     495
     520
     565
     517
     492
     490
     514
     538
     517
     480
     521
     554
     497
     486
     470
     505
     482
     484
     491
     490
     471
     471
     531
     496
     477
     534
     522
     554
     535
     526
     473
     488
     530
     533
     524
     501
     530
     534
     493
     491
     473
     410
     442
     388
     362
     309
     307
     271
     273
     272
     233
     259
     189
     213
     200
     211
     185
     212
     199
     173
     187
     200
     181
     202
     188
     183
     199
     179
     221
     235
     222
     233
     270
     291
     296
     400
     473
     581
     766
     976
    1233
    1586
    1962
    2339
    2669
    2903
    3199
    3364
    3454
    3291
    3043
    2734
    2493
    2019
    1569
    1271
     977
     627
     476
     291
     177
     108
      70
      39
      24
      16
      10
       8
       6
       6
       8
       9
       7
       4
       4
       7
       6
       4
       4
       7
       8
       7
       6
       5
       5
       2
       5
       4
       4
       6
       6
       4
       4
       4
       3
       8
       5
       5
       1
       3
       3
       7
       4
       2
       4
      10
       3
       7
       4
       0
       5
       6
       4
       5
       7
       3
       6
       4
       7
       3
       4
       3
       3
       3
       5
       4
       5
       6
       1
       4
       2
       4
       3
       5
       0
       4
       6
       1
       3
       3
       5
       4
       3
       2
       1
       4
       4
       5
       4
       2
       5
       0
       3
       1
       2
       2
       3
       5
       2
       4
       1
       0
       4
       4
       4
       3
       1
       1
       2
       4
       3
       1
       4
       1
       5
       1
       3
       0
       1
       2
       4
       3
       2
       1
       1
       5
       1
       5
       2
       0
       1
       0
       2
       1
       2
       0
       5
       1
       5
       0
       0
       0
       2
       2
       0
       3
       1
       1
       1
       4
       1
       0
       2
       2
       1
       1
       3
       3
       3
       4
       5
       7
       5
       7
       6
       6
       2
       2
       2
       3
       2
       4
       2
       1
       2
       0
       0
       5
       0
       1
       0
       1
       2
       2
       0
       0
       1
       3
       0
       0
       0
       1
       0
       2
       0
       0
       2
       0
       1
       0
       0
       0
       1
       0
       1
       0
       1
       1
       0
       0
       1
       1
       2
       0
       0
       1
       0
       1
       2
       0
       0
       1
       1
       0
       4
       0
       0
       0
       0
       0
       2
       2
       2
       1
       4
       3
       1
       0
       1
       0
       0
       0
       0
       1
       0
       1
       1
       2
       1
       1
       0
       2
       0
       0
       0
       0
       0
       0
       0
       0
       0
       0
       2
       0
       0
       0
       0
       0
       0
       0
       0
       1
       0
       0
       0
       1
       1
       0
       0
       0
       0
       1
       0
       0
       0
       1
       0
       0
       0
       2
       0
       0
       1
       0
       2
       1
       1
       0
       0
       1
       0
       2
       1
       1
       1
       1
       1
       1
       2
       0
       0
       0
       2
       1
       0
       0
       0
       0
       0
       0
       0
       0
       0
       0
       0
       0
       0
       0
       0
       0
       0
       0
       0
       0
       0
       0
       0
       0
       0
       0
       0
       0
$ROI:
1
102 148
$PRESETS:
Live Time
300
0
$ENER_FIT:
0.000000 5.426229
$MCA_CAL:
3
0.000000E+000 5.426229E+000 0.000000E+000 keV
$SHAPE_CAL:
3
0.000000E+000 0.000000E+000 0.000000E+000
