$SPEC_ID:
PRAK02 Easy-MCA-2k SN
$SPEC_REM:
DET# 1
DETDESC# PRAK01 Easy-MCA-2k SN 15071856
AP# Maestro Version 7.01
$DATE_MEA:
01/17/2002 19:15:40
$MEAS_TIM:
300 302
$DATA:
0 511
       0
       1
       0
       0
       0
       0
       0
       0
       4
      67
     196
     440
     613
     835
     993
    1114
    1679
    3329
    5015
    5803
    5165
    4552
    3916
    3289
    2839
    2437
    1903
    1679
    1510
    1351
    1159
    1057
    1000
     936
     851
     799
     762
     773
     735
     759
     735
     726
     727
     699
     744
     670
     692
     704
     709
     738
     723
     744
     713
     699
     694
     690
     662
     661
     649
     639
     653
     597
     607
     596
     601
     582
     614
     537
     526
     542
     545
     508
     575
     512
     553
     531
     571
     513
     554
     542
     531
     542
     521
     547
     517
     501
     553
     512
     513
     494
     565
     508
     518
     529
     520
     543
     497
     521
     525
     548
     532
     564
     515
     533
     546
     549
     538
     523
     516
     503
     490
     419
     448
     409
     345
     376
     364
     317
     248
     293
     244
     248
     214
     222
     218
     199
     209
     178
     200
     190
     212
     216
     205
     202
     205
     183
     213
     203
     214
     228
     240
     241
     270
     233
     310
     378
     479
     628
     750
     978
    1237
    1653
    1989
    2257
    2689
    3055
    3202
    3463
    3510
    3552
    3231
    2891
    2568
    2102
    1786
    1260
    1009
     695
     517
     348
     236
     139
      90
      59
      33
      18
       7
       9
      11
       5
       5
       3
       5
       5
       9
       6
       6
       5
       6
       4
       6
       4
       3
       7
       1
       5
       6
       7
       8
       6
       7
       6
       5
       1
       3
       7
       5
       8
       3
       8
       4
       3
       5
       4
       6
       5
       3
       3
       1
       3
       6
       3
       6
       7
       4
       8
       4
       2
       2
       2
       3
       4
       1
       4
       2
       3
       5
       4
       5
       3
       5
       3
       3
       3
       4
       5
       3
       4
       2
       4
       2
       5
       5
       2
       3
       6
       1
       3
       4
       4
       7
       3
       2
       3
       3
       3
       2
       3
       2
       2
       4
       5
       6
       5
       4
       2
       0
       6
       1
       0
       5
       1
       2
       1
       1
       0
       2
       2
       1
       2
       1
       1
       3
       2
       3
       5
       1
       4
       2
       2
       2
       1
       2
       2
       0
       0
       3
       1
       2
       9
       4
       0
       1
       0
       2
       0
       4
       0
       3
       5
       1
       3
       2
       3
       2
       2
       0
       6
       1
       3
       5
       4
       6
       4
       2
       7
       0
       4
       2
       2
       4
       2
       6
       4
       6
       1
       2
       2
       2
       1
       3
       2
       1
       0
       0
       2
       1
       1
       0
       2
       1
       1
       2
       0
       0
       0
       1
       1
       0
       1
       1
       1
       1
       1
       1
       1
       0
       2
       1
       0
       0
       0
       1
       1
       0
       0
       0
       0
       4
       0
       1
       0
       0
       1
       0
       1
       1
       0
       2
       0
       1
       4
       2
       0
       0
       1
       1
       1
       1
       0
       1
       0
       2
       0
       1
       1
       1
       1
       1
       2
       0
       0
       2
       0
       0
       1
       1
       0
       0
       0
       0
       0
       0
       0
       1
       0
       0
       0
       0
       0
       0
       1
       1
       1
       0
       0
       2
       2
       0
       0
       0
       0
       1
       0
       0
       0
       0
       0
       0
       0
       0
       0
       0
       0
       1
       0
       1
       0
       0
       0
       0
       0
       0
       1
       1
       0
       1
       0
       0
       1
       1
       0
       1
       1
       1
       0
       0
       0
       0
       0
       0
       0
       0
       0
       0
       0
       0
       0
       0
       0
       0
       0
       0
       0
       0
       0
       0
       0
       0
       0
       0
       0
$ROI:
1
102 148
$PRESETS:
Live Time
300
0
$ENER_FIT:
0.000000 5.426229
$MCA_CAL:
3
0.000000E+000 5.426229E+000 0.000000E+000 keV
$SHAPE_CAL:
3
0.000000E+000 0.000000E+000 0.000000E+000
