$SPEC_ID:
PRAK02 Easy-MCA-2k SN
$SPEC_REM:
DET# 1
DETDESC# PRAK01 Easy-MCA-2k SN 15071856
AP# Maestro Version 7.01
$DATE_MEA:
01/17/2002 19:09:58
$MEAS_TIM:
300 302
$DATA:
0 511
       0
       0
       1
       0
       1
       0
       1
       0
      10
      46
     148
     278
     402
     528
     708
     683
     708
     637
     574
     775
     669
     653
     558
     509
     465
     461
     484
     463
     499
     490
     538
     531
     471
     496
     500
     557
     527
     522
     584
     570
     572
     603
     583
     665
     587
     676
     681
     665
     636
     650
     709
     705
     650
     699
     669
     678
     632
     637
     654
     634
     610
     570
     633
     606
     565
     597
     605
     519
     564
     513
     560
     488
     527
     526
     517
     518
     542
     491
     492
     532
     513
     538
     501
     549
     479
     471
     477
     529
     535
     529
     495
     534
     497
     506
     558
     515
     506
     565
     569
     561
     501
     561
     575
     560
     550
     543
     524
     541
     471
     505
     475
     455
     449
     405
     375
     346
     319
     316
     274
     268
     251
     258
     203
     227
     215
     222
     195
     214
     213
     220
     206
     188
     197
     220
     222
     221
     205
     186
     198
     230
     227
     219
     280
     256
     321
     384
     408
     569
     705
     888
    1164
    1407
    1806
    2180
    2521
    3017
    3212
    3417
    3548
    3466
    3337
    3155
    2717
    2316
    1893
    1442
    1134
     842
     531
     424
     264
     152
      91
      48
      27
      17
      23
       4
       8
      13
       4
       2
       6
       4
       9
       6
       5
       3
       5
       6
       5
       7
       2
       9
       9
       9
       5
       1
       7
       7
       7
       5
       6
       7
       2
       7
       4
       3
       3
       5
       5
      12
       6
       5
       2
       4
       2
       4
       1
       2
       1
       7
       9
       5
       3
       4
       0
       3
       3
       3
       4
       5
       7
       2
       4
       3
       6
       0
       2
       1
       3
       6
       1
       5
       1
       1
       4
       3
       4
       2
       2
       1
       1
       2
       2
       1
       3
       1
       3
       1
       8
       2
       3
       6
       5
       4
       3
       6
       3
       5
       4
       4
       3
       1
       4
       1
       0
       3
       3
       1
       1
       2
       1
       2
       2
       1
       3
       1
       0
       1
       2
       2
       1
       2
       2
       0
       0
       3
       4
       0
       1
       2
       0
       1
       4
       2
       1
       3
       1
       3
       2
       1
       2
       5
       0
       3
       1
       3
       2
       5
       3
       5
       1
       0
       1
       3
       3
       4
       3
       2
       3
       1
       2
       3
       3
       5
       2
       4
       2
       1
       1
       1
       1
       1
       0
       6
       2
       1
       2
       1
       0
       0
       0
       0
       1
       1
       1
       0
       1
       2
       1
       1
       2
       2
       1
       2
       1
       0
       1
       0
       1
       0
       0
       0
       0
       1
       0
       1
       0
       0
       0
       1
       0
       0
       3
       1
       1
       0
       1
       1
       1
       0
       0
       0
       0
       0
       0
       2
       0
       0
       0
       0
       3
       1
       2
       1
       0
       1
       0
       0
       1
       0
       1
       1
       1
       0
       0
       0
       1
       2
       0
       1
       0
       1
       0
       0
       0
       0
       0
       1
       1
       0
       0
       1
       1
       0
       3
       2
       1
       0
       0
       0
       0
       0
       0
       0
       1
       0
       0
       0
       0
       1
       0
       1
       0
       0
       1
       1
       0
       0
       1
       0
       0
       0
       2
       0
       0
       0
       1
       1
       0
       0
       0
       0
       3
       0
       0
       1
       0
       0
       0
       0
       0
       0
       0
       0
       0
       0
       0
       0
       0
       0
       0
       0
       0
       0
       0
       0
       0
       0
       0
       0
       0
       0
       0
       0
       0
       0
       0
       0
       0
       0
$ROI:
1
102 148
$PRESETS:
Live Time
300
0
$ENER_FIT:
0.000000 5.426229
$MCA_CAL:
3
0.000000E+000 5.426229E+000 0.000000E+000 keV
$SHAPE_CAL:
3
0.000000E+000 0.000000E+000 0.000000E+000
