$SPEC_ID:
PRAK02 Easy-MCA-2k SN
$SPEC_REM:
DET# 1
DETDESC# PRAK01 Easy-MCA-2k SN 15071856
AP# Maestro Version 7.01
$DATE_MEA:
01/17/2002 19:55:45
$MEAS_TIM:
300 302
$DATA:
0 511
       0
       0
       0
       0
       0
       0
       0
       0
      13
      49
     143
     281
     421
     592
     695
     745
     701
     616
     551
     748
     721
     582
     535
     484
     487
     480
     486
     464
     447
     488
     543
     497
     527
     541
     500
     535
     511
     582
     548
     527
     566
     544
     585
     580
     599
     572
     594
     622
     676
     648
     590
     680
     695
     665
     730
     681
     645
     658
     676
     650
     629
     597
     611
     600
     628
     595
     584
     647
     577
     568
     582
     545
     552
     581
     521
     521
     515
     538
     534
     520
     485
     495
     545
     487
     495
     526
     518
     497
     501
     506
     519
     585
     525
     510
     512
     520
     484
     524
     517
     552
     544
     536
     500
     529
     546
     525
     554
     522
     462
     462
     445
     451
     421
     416
     401
     379
     359
     330
     302
     291
     267
     283
     213
     233
     232
     210
     210
     216
     193
     199
     188
     218
     184
     201
     176
     219
     210
     216
     238
     226
     212
     231
     233
     242
     296
     300
     368
     470
     583
     731
     948
    1232
    1484
    1837
    2315
    2695
    3027
    3354
    3491
    3676
    3447
    3242
    3016
    2644
    2209
    1800
    1361
    1097
     791
     484
     336
     217
     146
      89
      59
      28
      19
      20
       8
      10
       9
       7
       5
       2
      10
       5
       4
       6
       4
       5
       5
       2
       1
       2
       8
       6
       2
       6
       3
       7
       4
       8
      13
       4
       9
       8
       1
       5
       7
       7
       5
       4
       6
       3
       6
       1
       4
       3
       6
       5
       5
       3
       2
       4
       1
       3
       3
       2
       1
       3
       5
       2
       3
       6
       4
       5
       3
       2
       4
       3
       8
       3
       0
       0
       0
       8
       4
       3
       2
       4
       2
       3
       6
       4
       2
       3
       4
       4
       3
       3
       5
       3
       1
       3
       3
       1
       0
       2
       1
       4
       3
       4
       6
       3
       5
       3
       1
       6
       6
       4
       2
       6
       3
       1
       3
       3
       3
       2
       2
       4
       0
       5
       1
       3
       2
       2
       1
       1
       0
       0
       2
       6
       2
       2
       2
       3
       0
       3
       0
       3
       2
       2
       2
       0
       3
       1
       2
       3
       4
       2
       2
       3
       5
       2
       0
       3
       6
       2
       3
       4
       7
       2
       5
       5
       2
       3
       7
       1
       7
       2
       1
       4
       1
       1
       3
       4
       6
       0
       5
       2
       1
       1
       1
       0
       1
       0
       1
       1
       2
       0
       0
       1
       1
       0
       0
       3
       0
       0
       0
       0
       1
       0
       1
       1
       0
       0
       0
       1
       1
       1
       0
       1
       0
       0
       0
       0
       1
       3
       0
       0
       0
       1
       1
       0
       1
       0
       0
       1
       0
       0
       0
       0
       0
       0
       1
       0
       0
       2
       0
       1
       0
       0
       1
       0
       1
       1
       0
       0
       0
       0
       0
       0
       1
       1
       0
       1
       2
       0
       1
       2
       0
       0
       0
       0
       1
       1
       1
       0
       1
       0
       0
       0
       0
       1
       0
       1
       1
       0
       1
       2
       0
       0
       1
       0
       0
       0
       0
       1
       0
       0
       0
       2
       0
       0
       0
       1
       0
       1
       1
       0
       1
       0
       0
       2
       0
       1
       0
       2
       0
       0
       1
       1
       2
       0
       0
       0
       0
       0
       0
       0
       0
       0
       0
       0
       0
       0
       0
       0
       0
       0
       0
       0
       0
       0
       0
       0
       0
       0
       0
       0
       0
       0
$ROI:
1
102 148
$PRESETS:
Live Time
300
0
$ENER_FIT:
0.000000 5.426229
$MCA_CAL:
3
0.000000E+000 5.426229E+000 0.000000E+000 keV
$SHAPE_CAL:
3
0.000000E+000 0.000000E+000 0.000000E+000
