$SPEC_ID:
PRAK02 Easy-MCA-2k SN
$SPEC_REM:
DET# 1
DETDESC# PRAK01 Easy-MCA-2k SN 15071856
AP# Maestro Version 7.01
$DATE_MEA:
01/17/2002 20:14:21
$MEAS_TIM:
300 302
$DATA:
0 511
       0
       0
       0
       0
       0
       0
       0
       1
       4
      27
     120
     147
     282
     406
     523
     555
     603
     522
     460
     641
     616
     535
     513
     440
     452
     451
     435
     419
     379
     448
     450
     478
     484
     503
     475
     521
     541
     504
     545
     547
     558
     583
     573
     569
     574
     547
     562
     607
     650
     655
     668
     657
     700
     656
     686
     656
     652
     610
     573
     608
     584
     581
     591
     587
     543
     571
     549
     562
     510
     526
     538
     511
     489
     495
     482
     463
     515
     478
     494
     442
     500
     528
     477
     474
     479
     536
     492
     492
     484
     465
     474
     473
     512
     480
     475
     447
     472
     536
     498
     510
     489
     518
     506
     500
     485
     496
     527
     513
     518
     462
     479
     432
     413
     401
     350
     350
     316
     324
     249
     252
     232
     246
     205
     178
     202
     184
     226
     206
     196
     196
     189
     189
     206
     187
     187
     197
     169
     212
     187
     205
     188
     234
     232
     267
     253
     330
     385
     502
     607
     816
     995
    1265
    1617
    1971
    2334
    2749
    2923
    3158
    3334
    3309
    3123
    3042
    2667
    2141
    1918
    1547
    1180
     807
     611
     437
     275
     191
      94
      52
      40
      22
      11
      13
       8
       4
       4
       7
       4
       0
       5
       5
       6
       5
       5
       5
       3
       4
       6
       6
       8
       4
       7
       2
       2
       7
      10
       5
       4
       5
       3
       5
       6
       3
       7
       3
       4
       8
       3
       6
       7
       0
       4
       4
       5
       3
       1
       5
       5
       5
       5
       2
       5
       6
       2
       5
       1
       5
       2
       4
       2
       1
       1
       3
       5
       0
       3
       4
       2
       2
       2
       1
       2
       3
       1
       2
       5
       2
       2
       3
       3
       6
       4
       1
       7
       3
       5
       2
       3
       6
       3
       4
       4
       0
       5
       1
       6
       2
       3
       2
       3
       2
       5
       2
       2
       0
       3
       3
       1
       1
       7
       1
       2
       0
       3
       1
       1
       3
       4
       1
       5
       3
       2
       4
       2
       0
       1
       1
       0
       2
       2
       3
       2
       4
       2
       5
       1
       0
       0
       4
       4
       3
       3
       3
       1
       5
       1
       1
       3
       2
       1
       1
       0
       2
       5
       4
       6
       6
       3
       4
       8
       5
       5
       4
       5
       1
       2
       4
       7
       1
       4
       8
       2
       3
       3
       4
       3
       0
       0
       2
       1
       0
       1
       0
       1
       0
       0
       1
       3
       2
       2
       1
       1
       1
       2
       0
       2
       0
       0
       1
       0
       0
       0
       0
       0
       0
       0
       1
       0
       0
       1
       0
       0
       0
       2
       0
       0
       1
       1
       1
       0
       0
       1
       0
       0
       2
       3
       0
       3
       1
       1
       0
       1
       2
       0
       0
       0
       0
       1
       1
       1
       0
       2
       4
       1
       0
       0
       0
       1
       0
       0
       1
       1
       0
       0
       1
       2
       0
       0
       1
       0
       0
       0
       0
       0
       1
       1
       1
       0
       1
       0
       1
       0
       1
       1
       0
       1
       0
       1
       1
       0
       1
       0
       0
       1
       0
       0
       0
       1
       0
       1
       1
       0
       0
       1
       0
       0
       0
       0
       0
       0
       0
       0
       1
       0
       0
       0
       2
       0
       0
       1
       1
       0
       0
       0
       0
       0
       0
       0
       0
       0
       0
       0
       0
       0
       0
       0
       0
       0
       0
       0
       0
       0
       0
       0
       0
       0
       0
$ROI:
1
102 148
$PRESETS:
Live Time
300
0
$ENER_FIT:
0.000000 5.426229
$MCA_CAL:
3
0.000000E+000 5.426229E+000 0.000000E+000 keV
$SHAPE_CAL:
3
0.000000E+000 0.000000E+000 0.000000E+000
