$SPEC_ID:
PRAK02 Easy-MCA-2k SN
$SPEC_REM:
DET# 1
DETDESC# PRAK01 Easy-MCA-2k SN 15071856
AP# Maestro Version 7.01
$DATE_MEA:
01/17/2002 19:37:50
$MEAS_TIM:
300 302
$DATA:
0 511
       0
       0
       0
       0
       0
       0
       0
       1
       4
      40
     109
     201
     288
     486
     622
     626
     692
     656
     648
     770
     695
     648
     511
     463
     462
     442
     460
     447
     440
     433
     495
     488
     482
     499
     484
     537
     540
     505
     557
     506
     606
     541
     534
     575
     576
     622
     571
     613
     601
     647
     654
     701
     619
     629
     666
     622
     640
     607
     594
     539
     596
     554
     571
     577
     578
     536
     531
     542
     558
     536
     510
     510
     507
     548
     466
     485
     493
     521
     525
     488
     491
     502
     494
     549
     493
     483
     514
     512
     484
     514
     493
     553
     499
     517
     503
     506
     530
     501
     504
     476
     492
     546
     474
     565
     478
     510
     522
     515
     482
     532
     448
     466
     406
     377
     408
     373
     322
     321
     282
     258
     270
     204
     197
     220
     234
     194
     185
     198
     163
     188
     208
     177
     185
     193
     200
     201
     188
     207
     226
     222
     204
     203
     239
     267
     302
     330
     440
     543
     633
     886
    1109
    1368
    1757
    2070
    2345
    2797
    3110
    3109
    3386
    3239
    3224
    2885
    2644
    2178
    1746
    1543
    1062
     754
     580
     353
     252
     154
      95
      64
      31
      24
      11
       7
       9
       7
      10
       4
       5
      11
       9
       9
       9
       7
       8
       3
       6
       5
       3
       8
       5
       5
       4
       7
      11
       4
       4
       1
       5
       2
       5
       2
       5
       8
       6
       2
       3
       3
       6
       8
       5
       5
       5
       9
       8
       5
       3
       3
       4
       6
       6
       2
       8
       6
       2
       4
       3
       0
       3
       2
       5
       5
       2
       2
       1
       6
       6
       4
       5
       2
       4
       3
       5
       1
       5
       3
       1
       2
       4
       5
       4
       3
       3
       2
       6
       0
       4
       3
       6
       2
       4
       3
       2
       4
       2
       3
       2
       7
       4
       4
       2
       5
       1
       3
       4
       8
       1
       2
       1
       3
       2
       1
       1
       1
       0
       2
       1
       3
       1
       2
       1
       1
       3
       2
       3
       3
       0
       1
       2
       5
       2
       3
       1
       1
       1
       2
       2
       1
       1
       0
       1
       4
       3
       1
       3
       4
       3
       1
       1
       2
       2
       3
       3
       8
       4
       5
       2
       4
       5
       4
       1
       6
       4
       4
       7
       2
       8
       0
       3
       4
       4
       0
       4
       1
       6
       1
       0
       2
       1
       2
       2
       0
       0
       1
       0
       0
       1
       1
       0
       0
       0
       0
       0
       0
       0
       0
       1
       1
       4
       0
       0
       2
       0
       0
       0
       1
       0
       0
       0
       0
       0
       0
       3
       1
       0
       1
       0
       1
       1
       1
       2
       1
       0
       3
       1
       4
       0
       0
       1
       0
       2
       0
       0
       0
       0
       0
       0
       1
       2
       0
       0
       1
       0
       1
       0
       0
       0
       1
       0
       1
       0
       1
       0
       1
       0
       0
       0
       0
       0
       0
       0
       2
       0
       0
       2
       1
       0
       0
       2
       1
       1
       0
       0
       2
       0
       1
       0
       0
       0
       0
       0
       1
       0
       0
       0
       0
       1
       0
       2
       0
       0
       1
       1
       0
       1
       0
       1
       0
       0
       0
       0
       0
       0
       1
       0
       0
       1
       1
       0
       1
       1
       0
       0
       0
       0
       0
       0
       0
       0
       0
       0
       0
       0
       0
       0
       0
       0
       0
       0
       0
       0
       0
       0
       0
       0
       0
       0
       0
$ROI:
1
102 148
$PRESETS:
Live Time
300
0
$ENER_FIT:
0.000000 5.426229
$MCA_CAL:
3
0.000000E+000 5.426229E+000 0.000000E+000 keV
$SHAPE_CAL:
3
0.000000E+000 0.000000E+000 0.000000E+000
