$SPEC_ID:
PRAK02 Easy-MCA-2k SN
$SPEC_REM:
DET# 1
DETDESC# PRAK01 Easy-MCA-2k SN 15071856
AP# Maestro Version 7.01
$DATE_MEA:
01/17/2002 19:21:07
$MEAS_TIM:
300 302
$DATA:
0 511
       0
       0
       0
       0
       0
       0
       0
       1
       9
      52
     180
     312
     408
     623
     763
     794
     933
    1254
    1471
    1666
    1388
    1178
    1001
     786
     711
     739
     640
     592
     575
     579
     521
     542
     528
     554
     539
     576
     571
     567
     575
     574
     568
     599
     548
     595
     592
     644
     668
     619
     705
     712
     633
     689
     733
     705
     665
     672
     678
     636
     626
     595
     618
     587
     608
     557
     616
     564
     597
     575
     573
     555
     527
     527
     531
     509
     550
     526
     548
     537
     586
     537
     542
     501
     498
     532
     532
     522
     537
     510
     542
     556
     518
     506
     519
     521
     516
     499
     502
     530
     542
     558
     511
     507
     526
     541
     527
     531
     559
     509
     506
     484
     488
     490
     441
     412
     398
     356
     320
     301
     292
     262
     236
     225
     223
     220
     213
     239
     213
     199
     178
     182
     220
     201
     206
     190
     206
     200
     192
     182
     228
     214
     228
     242
     258
     311
     367
     407
     516
     646
     833
    1043
    1343
    1588
    2067
    2384
    2751
    3049
    3374
    3502
    3537
    3472
    3300
    2896
    2491
    2102
    1655
    1315
     929
     676
     482
     339
     205
     105
      74
      35
      28
      18
      11
       7
       7
       7
       6
       9
       2
       3
       5
       6
       5
       4
       5
       5
       6
       3
       8
       3
       4
       7
       4
       8
       9
       8
       4
       5
       5
       4
       7
       5
       6
       4
       3
       3
       6
       7
       3
       3
       3
       2
       6
       6
       7
       6
       2
       4
       1
       4
       3
       9
       4
       3
       2
       5
       4
       5
       3
       3
       4
       4
       5
       7
       3
       4
       2
       7
       4
       0
       3
       5
       3
       3
       1
       5
       2
       2
       2
       5
       4
       2
       3
       2
       2
       7
       8
       3
       2
       4
       3
       2
       4
       2
       3
       1
       2
       1
       2
       2
       2
       2
       1
       2
       1
       1
       2
       0
       3
       1
       7
       2
       1
       4
       2
       1
       2
       4
       1
       0
       3
       4
       2
       1
       2
       1
       3
       0
       7
       3
       0
       3
       2
       1
       1
       1
       2
       1
       0
       3
       1
       3
       3
       2
       1
       1
       1
       2
       1
       3
       1
       4
       0
       3
       3
       6
       5
       3
       1
       0
       4
       1
       1
       5
       5
       2
       6
       5
       2
       2
       3
       1
       1
       1
       0
       0
       2
       0
       1
       0
       1
       1
       1
       1
       2
       0
       0
       1
       1
       1
       2
       0
       0
       1
       0
       0
       1
       0
       1
       0
       1
       3
       1
       2
       0
       1
       2
       1
       0
       0
       1
       0
       1
       1
       3
       1
       0
       0
       0
       0
       2
       0
       1
       1
       0
       1
       1
       1
       3
       1
       2
       2
       0
       0
       0
       1
       0
       1
       0
       0
       0
       0
       0
       1
       2
       0
       0
       0
       0
       0
       0
       0
       0
       1
       0
       0
       1
       0
       0
       1
       0
       0
       2
       1
       0
       0
       0
       0
       1
       0
       0
       0
       1
       0
       2
       1
       0
       0
       0
       0
       0
       0
       0
       0
       0
       1
       0
       0
       1
       0
       1
       2
       0
       0
       0
       0
       1
       1
       0
       0
       1
       0
       0
       0
       1
       0
       0
       0
       1
       0
       0
       0
       0
       0
       0
       0
       0
       0
       0
       0
       0
       0
       0
       0
       0
       0
       0
       0
       0
       0
       0
       0
       0
       0
       0
       0
       0
       0
$ROI:
1
102 148
$PRESETS:
Live Time
300
0
$ENER_FIT:
0.000000 5.426229
$MCA_CAL:
3
0.000000E+000 5.426229E+000 0.000000E+000 keV
$SHAPE_CAL:
3
0.000000E+000 0.000000E+000 0.000000E+000
