$SPEC_ID:
No sample description was entered.
$SPEC_REM:
DET# 1
DETDESC# MYON MCB 337
AP# Maestro Version 6.06
$DATE_MEA:
01/31/2022 11:35:59
$MEAS_TIM:
266036 266037
$DATA:
0 511
       0
       0
       0
       0
      98
     120
     120
     133
     127
     131
     122
     105
     142
     117
     126
      96
     121
     123
      99
     113
     120
     116
     122
     108
     114
     102
     101
      88
      96
      94
      98
     124
     113
     111
     105
      89
      83
      79
      80
      80
      89
      92
      93
      82
      87
      81
      73
      85
      74
      99
      82
      84
      93
      86
      84
      77
      72
      68
      75
      70
      75
      72
      46
      73
      70
      80
      71
      64
      62
      53
      61
      46
      71
      68
      59
      71
      63
      67
      62
      54
      52
      64
      42
      54
      71
      51
      53
      53
      42
      53
      48
      37
      50
      50
      51
      45
      46
      41
      58
      51
      45
      48
      39
      50
      48
      39
      53
      50
      40
      36
      47
      43
      44
      63
      50
      34
      48
      45
      45
      33
      44
      46
      40
      49
      38
      43
      34
      31
      29
      33
      38
      38
      30
      27
      35
      35
      40
      34
      38
      32
      38
      41
      33
      29
      27
      44
      27
      30
      39
      35
      37
      23
      25
      28
      26
      32
      25
      22
      30
      27
      34
      24
      31
      17
      23
      30
      32
      27
      33
      27
      22
      21
      23
      20
      25
      19
      23
      20
      15
      15
      26
      16
      21
      28
      19
      27
      27
      18
      22
      17
      29
      19
      21
      18
      27
      18
      31
      24
      20
      13
      17
      24
      22
      23
      14
      22
      20
      18
      12
      12
      17
      11
      17
      13
      11
      15
      16
      15
      17
       6
      13
      10
      16
      12
      18
      15
      18
       7
      14
      11
      19
      21
      14
      14
      15
      13
      12
      15
      22
      13
      10
      14
       6
      12
       6
       9
      13
      16
      14
      17
       7
       9
      11
      10
      10
       8
       9
      13
      10
      13
       9
       9
       4
       8
      10
       7
      12
      11
       6
      11
      13
      10
       6
      13
      10
       9
       2
      13
      13
      11
      13
       9
       8
       8
      11
       6
       6
      12
      10
      14
       6
       8
       9
       7
       7
      11
       5
       3
       8
       9
       9
      12
       8
       6
       9
       7
      10
       8
       8
       8
       4
       5
       5
       4
      12
      10
       6
       8
       5
       8
      11
       6
       8
       9
       3
      11
       7
       8
       6
       3
       7
       4
       5
       5
       9
       3
      10
       7
       8
       2
       9
       2
       3
       3
       6
       7
       4
       4
       6
       8
       7
       4
       5
       3
      11
       4
       5
       5
       5
       6
       5
       5
       5
      12
       3
       4
       2
       3
       3
       1
       2
       5
       3
       1
       7
       3
       4
       8
       2
       4
       4
       4
       2
       6
       3
       3
       2
       4
       4
       5
       7
       4
       2
       8
       8
       5
       2
       2
       4
       3
       2
       1
       5
       3
       8
       3
       3
       3
       3
       4
       7
       3
       4
       4
       4
       3
       2
       3
       4
       3
       4
       5
       3
       5
       6
       1
       2
       3
       2
       1
       3
       2
       3
       2
       6
       3
       3
       2
       3
       3
       1
       3
       6
       3
       5
       2
       9
       4
       5
       3
       4
       3
       4
       3
       4
       2
       0
       0
       0
       0
       0
       0
       0
       0
       0
       0
       0
       0
       0
       0
       0
       0
       0
       0
       0
       0
       0
       0
       0
       0
       0
       0
       0
       0
       0
       0
       0
       0
       0
       0
       0
       0
       0
       0
       0
       0
       0
       0
       0
       0
       0
       0
       0
       0
       0
       0
       0
       0
       0
       0
       0
       0
$ROI:
0
$PRESETS:
None
0
0
$ENER_FIT:
-2.326062 0.088583
$MCA_CAL:
3
-2.326062E+000 8.858320E-002 -1.636990E-004 micr
$SHAPE_CAL:
3
0.000000E+000 0.000000E+000 0.000000E+000
