# time in ns,  counts_left,  counts_right,  integration_time: 10s
0              184            184
1              228            186
1.5            230            208
2              200            202
4              252            214
6              239            188
8              217            203
10             206            169
12             209            196
16             127            195
18             112            128
20             56             104
22             39             70
24             9              27       
